9 0.4421875 0.38671875 0.046875 0.0984375
3 0.65703125 0.3875 0.0578125 0.1
0 0.57109375 0.2 0.05625 0.14375
6 0.346875 0.46875 0.0671875 0.13125
11 0.35859375 0.221875 0.05625 0.125
9 0.7578125 0.471875 0.059375 0.090625
5 0.27265625 0.48828125 0.075 0.121875
9 0.41875 0.6890625 0.053125 0.0875
7 0.28515625 0.19375 0.0734375 0.178125
2 0.5859375 0.46015625 0.059375 0.1125
9 0.584375 0.39375 0.0484375 0.09375
1 0.1375 0.803125 0.1375 0.14375
4 0.834375 0.78515625 0.1375 0.1375
8 0.61328125 0.675 0.0796875 0.115625
0 0.53671875 0.8046875 0.065625 0.109375
10 0.5 0.20546875 0.0625 0.1796875