9 0.24734017095560187 0.48138985880403984 0.05675906010845857 0.08782725292686636
3 0.5699681081166688 0.20606610929501917 0.04742951190385671 0.0955852107723885
3 0.6475123668972674 0.3743706817001179 0.050545421544777015 0.09404089149054773
5 0.5735339905320302 0.2818291785768599 0.05379768657189175 0.11593407220870695
5 0.7473174450579029 0.4745746938985622 0.0725113251355733 0.10979315651766228
6 0.74042202956325 0.3636735553348806 0.06638859016268803 0.13163179508134393
0 0.422189138269094 0.185831398228043 0.0539249515990063 0.13780907220870703
2 0.484744722185266 0.46360187422393795 0.0537613251355733 0.10968407220870695
0 0.5674759298343964 0.5834371303722581 0.056886325135573304 0.10970225292686635
9 0.48586633976990445 0.38781153386485834 0.044249969749379045 0.08619203005422929
9 0.7172749001729507 0.27943036554153505 0.04742042154477701 0.09402271077238851
1 0.6586958274732643 0.5508740943661004 0.07271131303532492 0.1441681565176623
7 0.7212578973442803 0.15830934446429623 0.06978630093507636 0.17852497579950316
11 0.6448817497054125 0.1907860220591975 0.05384313836728971 0.123746572208707
9 0.5639186168972674 0.3748570159108774 0.044231789031219645 0.08306703005422929
10 0.4948135720123153 0.1799399465308408 0.06036584913967839 0.1706579336450255
9 0.5646185745463981 0.49516951591087743 0.04418633723582168 0.07525453005422929
9 0.6494061441228264 0.29701329616149846 0.04429542154477702 0.09400453005422929
4 0.4812055899662962 0.2581467597625574 0.0681692587805987 0.16914088544042355
6 0.6730396077238854 0.464850235954844 0.06638859016268786 0.13163179508134384
8 0.7471179780389984 0.5745792390781019 0.08506586729005097 0.11924087939029934