9 0.7486658007386847 0.3078125 0.05526019262201594 0.0984375
3 0.6570681323171655 0.140625 0.04743860226293641 0.096875
4 0.6102254694547914 0.28046875 0.07443743949875792 0.171875
3 0.25415936015977225 0.84921875 0.07081246974937905 0.0859375
9 0.6796390656676035 0.39453125 0.05367042154477701 0.09375
9 0.4549612525340828 0.315625 0.04270565046753809 0.0890625
3 0.7325908279642436 0.23046875 0.05210792154477702 0.09375
0 0.6902452884420446 0.471875 0.07262040944452863 0.128125
5 0.5169112858097659 0.22109375 0.05384313836728971 0.1234375
9 0.29791636699546337 0.31328125 0.05052724082661779 0.090625
11 0.610689598648699 0.49453125 0.06472609621281222 0.1140625
2 0.7291042971244475 0.70546875 0.0881181444174139 0.10625
9 0.8181491372871352 0.83671875 0.07077610831306061 0.0796875
9 0.5400059565689761 0.83359375 0.0551420179539809 0.078125
8 0.5326731620768073 0.37890625 0.06011131908544911 0.1265625
1 0.5368844599868217 0.565625 0.07118517447164337 0.15
2 0.4409407009116353 0.59140625 0.061628367290050966 0.11875
11 0.3541628635776178 0.58125 0.07096700585373253 0.1125
6 0.23146012002052546 0.3046875 0.074246541958086 0.1390625
0 0.44475656820168624 0.71015625 0.0646988251355733 0.109375
6 0.2866612253085239 0.39296875 0.07421927088084708 0.134375
7 0.3690823189872532 0.19140625 0.06825107201231528 0.1828125
5 0.20049698721238052 0.48828125 0.08348518657189175 0.115625
10 0.35759589402463055 0.365625 0.07756243949875792 0.171875
8 0.2604452007152436 0.72109375 0.09434087334017516 0.1015625