9 0.6328125 0.2427440954272452 0.046875 0.09402271077238851
3 0.475 0.8191697191602039 0.059375 0.0909704336450254
2 0.56484375 0.5853174148072818 0.0640625 0.12224770472226432
8 0.65703125 0.6975724959929792 0.084375 0.11455337939029953
9 0.703125 0.31424691158582796 0.053125 0.09405907220870695
2 0.5640625 0.6954691196277419 0.0703125 0.11290906615858276
11 0.725 0.4721866766129426 0.078125 0.11764201795398091
8 0.47109375 0.36992824326250473 0.059375 0.12534543364502548
11 0.5625 0.46342877926866244 0.05625 0.11438975292686634
5 0.821875 0.818062778875879 0.1 0.11620678298109546
9 0.28125 0.1524175146343312 0.0515625 0.09561248184962738
6 0.38046875 0.6842447524358869 0.06875 0.11289997579950324
6 0.5625 0.13764752926866236 0.0515625 0.14561248184962738
9 0.3984375 0.4773180415653025 0.0515625 0.09561248184962742
7 0.30703125 0.44944250555914494 0.096875 0.16306360226293642
5 0.41640625 0.22507883069471815 0.053125 0.11593407220870695
0 0.1609375 0.8173425569852005 0.1046875 0.10529655405833438
3 0.33671875 0.37695897238165765 0.0515625 0.08936248184962743
4 0.2140625 0.4364016291939077 0.1140625 0.16472609621281223
1 0.18125 0.6596482316532356 0.1265625 0.15386131908544912
10 0.2015625 0.5503914063212707 0.11875 0.15694086729005097