3 0.66953125 0.3601452188656162 0.053125 0.09562157220870696
4 0.78515625 0.43269290543750794 0.1140625 0.16941359621281205
5 0.525 0.35071061065075154 0.053125 0.11749657220870705
6 0.603125 0.6621026286047325 0.0671875 0.11132838544042353
1 0.7078125 0.7838054326630669 0.1109375 0.12877041549465282
9 0.33359375 0.6488157916634985 0.059375 0.08472043364502539
9 0.44453125 0.2713362071581512 0.0484375 0.0924693011314682
9 0.246875 0.1217487767345796 0.0546875 0.09719316256778661
10 0.4375 0.424420300542293 0.0734375 0.15667724687674217
6 0.46015625 0.09173961074894742 0.05625 0.15188975292686624
8 0.36484375 0.35602884884509073 0.071875 0.12385565651766246
7 0.5140625 0.5568969781371942 0.0703125 0.14728406615858275