9 0.571875 0.30859375 0.040625 0.0859375
2 0.67578125 0.80546875 0.0828125 0.10625
6 0.56796875 0.1421875 0.0453125 0.140625
9 0.70390625 0.309375 0.0453125 0.0875
9 0.41796875 0.47109375 0.0453125 0.0890625
9 0.65625 0.66015625 0.0515625 0.0828125
5 0.82734375 0.7765625 0.0921875 0.1078125
11 0.64453125 0.4671875 0.059375 0.115625
7 0.33359375 0.44296875 0.0859375 0.1609375
3 0.35625 0.37734375 0.0453125 0.084375
5 0.4953125 0.37734375 0.05 0.1109375
6 0.40234375 0.66015625 0.0609375 0.115625
4 0.24296875 0.4390625 0.1015625 0.159375
10 0.23515625 0.54296875 0.1046875 0.1546875
1 0.21875 0.64921875 0.1140625 0.1484375
8 0.4 0.80703125 0.0765625 0.1