9 0.6234375 0.234375 0.04375 0.09296875
3 0.4859375 0.8171875 0.05703125 0.0890625
2 0.56796875 0.5796875 0.06015625 0.11953125
8 0.6640625 0.68828125 0.08125 0.1109375
9 0.69609375 0.303125 0.05 0.0921875
2 0.57109375 0.68984375 0.06640625 0.11015625
11 0.7234375 0.46015625 0.07421875 0.11484375
8 0.46640625 0.36796875 0.05546875 0.1234375
11 0.5609375 0.4578125 0.05234375 0.1125
5 0.8328125 0.8015625 0.096875 0.1125
9 0.26953125 0.15859375 0.0484375 0.09375
6 0.38671875 0.6859375 0.06484375 0.1109375
6 0.55 0.13203125 0.046875 0.14375
9 0.39765625 0.47890625 0.04765625 0.09296875
7 0.30546875 0.4546875 0.09140625 0.159375
5 0.40703125 0.22578125 0.04921875 0.1140625
0 0.171875 0.828125 0.1015625 0.10078125
3 0.3328125 0.38046875 0.0484375 0.0875
4 0.21171875 0.4453125 0.1078125 0.16015625
1 0.18671875 0.66953125 0.12109375 0.14921875
10 0.203125 0.559375 0.11328125 0.153125