9 0.56875 0.30703125 0.0390625 0.0859375
2 0.68125 0.80234375 0.08125 0.1046875
6 0.56171875 0.14140625 0.04296875 0.13984375
9 0.70078125 0.30546875 0.04453125 0.0875
9 0.4171875 0.47265625 0.04453125 0.0890625
9 0.659375 0.65703125 0.05078125 0.08203125
5 0.83203125 0.77109375 0.090625 0.10546875
11 0.64375 0.46484375 0.05703125 0.11484375
7 0.3328125 0.44609375 0.0828125 0.159375
3 0.35390625 0.3796875 0.04453125 0.08359375
5 0.49296875 0.37734375 0.04765625 0.109375
6 0.40546875 0.66171875 0.05859375 0.1140625
4 0.2421875 0.44375 0.0984375 0.1578125
10 0.2359375 0.54765625 0.1015625 0.153125
1 0.22109375 0.65390625 0.11171875 0.146875
8 0.40546875 0.80859375 0.075 0.09921875