9 0.3363531948615111 0.60859375 0.05363406010845857 0.0875
3 0.49211231547121176 0.52421875 0.05210792154477702 0.09375
3 0.5561283219141193 0.24765625 0.04428633118569749 0.0921875
9 0.33995439695149676 0.421875 0.050545421544777105 0.09375
3 0.27654081586399515 0.26484375 0.05208974082661779 0.090625
5 0.48111014119596013 0.24453125 0.053806776930971266 0.1171875
11 0.25562030356735504 0.42890625 0.07724427693097127 0.1171875
9 0.6746753514773693 0.615625 0.05830337939029935 0.084375
3 0.25434921593874993 0.61328125 0.06768746974937905 0.0859375
0 0.5909139507152436 0.72109375 0.06939541549465282 0.1109375
3 0.6127803812370111 0.85390625 0.058285198672140125 0.08125
3 0.4229048149802324 0.8484375 0.058285198672140125 0.08125
9 0.265157888269094 0.18828125 0.05367042154477701 0.09375
3 0.343991415396457 0.17578125 0.04583974082661779 0.090625
0 0.33571232454639804 0.4984375 0.0710306383672898 0.1234375
1 0.5809521016737611 0.4859375 0.07431926483072289 0.1515625
3 0.7947570890825333 0.84453125 0.07390110831306043 0.0796875
9 0.6978593631848343 0.840625 0.06297269867214013 0.08125
9 0.6233567285299777 0.2546875 0.04742042154477701 0.09375
9 0.5696100806947181 0.41640625 0.058357921544777015 0.09375
5 0.8145367613146816 0.484375 0.08818177693097126 0.1171875
9 0.7018635236113215 0.3203125 0.05365224082661797 0.090625
4 0.3978845507386847 0.3078125 0.07439198770335978 0.1640625
2 0.41815770676536773 0.70390625 0.0662613251355733 0.109375
11 0.6127368702169171 0.175 0.05852154800821019 0.121875
6 0.7218356560266831 0.39609375 0.08045109016268785 0.13125
6 0.7689828459182245 0.30859375 0.07419199980360833 0.1296875
8 0.7752616796380047 0.71640625 0.09747496369925468 0.103125
7 0.7562505208808471 0.134375 0.08850902985783762 0.1734375
2 0.22766049267332958 0.86015625 0.10370678298109555 0.1
10 0.5696413760706497 0.2875 0.0713033491396784 0.1703125
8 0.3388953701187213 0.23984375 0.071121541958086 0.1390625