9 0.35717565398357964 0.24583623740877228 0.050554511903856715 0.09560339149054772
3 0.5311923325604395 0.8187429931643088 0.06303633118569749 0.09255111436318444
2 0.43410020570422303 0.586920300542293 0.06946813836728971 0.12383747579950324
8 0.34515081431187106 0.7012504452542945 0.08973518657189175 0.11614315046753809
9 0.2887796571068376 0.3188783067888089 0.056804511903856714 0.09563975292686618
2 0.4381468353891099 0.6971038216195318 0.07410109621281222 0.11448974687674215
11 0.2714507356602564 0.4773766080184728 0.08351245764913058 0.12079428903121965
8 0.5220916059753694 0.3686748154712117 0.06479881908544911 0.12693520472226433
11 0.4332467537124332 0.46503621018321334 0.060047686571891745 0.11597043364502539
5 0.18426733558550165 0.8253186834486337 0.10537836729005097 0.11935905405833439
9 0.7054182321442151 0.14707759230398723 0.05525110226293641 0.09719316256778665
6 0.6218405793389857 0.6809844388113869 0.07254768657189174 0.11604315651766246
6 0.42342334358053346 0.1391867824901162 0.05710449375348396 0.14720225292686626
9 0.5980359615579555 0.47537024306611303 0.05524201190385671 0.09563066256778666
7 0.688056973560008 0.44542418871319106 0.10252607806243948 0.16621587334017515
5 0.5721557593697739 0.2236486617822197 0.05849427693097127 0.11752384328594587
0 0.8453184650739969 0.809632655339312 0.10843973477649342 0.10843973477649342
3 0.6564484252572103 0.37258158635205885 0.05521474082661779 0.09094316256778665
4 0.781121172330344 0.42955881507842825 0.11972266842151899 0.16787836729005096
1 0.8204553413410383 0.6516701644144984 0.13216812626704133 0.15857609016268803
10 0.7968683712970717 0.5429355138487642 0.12437380698520055 0.16165563836728972