9 0.5498833879745064 0.379626329142594 0.04901019262201593 0.0987193011314682
3 0.3359299722834618 0.3996217083365016 0.059956782981095545 0.10034543364502549
0 0.4043294725780493 0.20468593735745863 0.06021131303532492 0.14409543364502547
6 0.6518685896717086 0.45169170580241885 0.07108518052176756 0.13322156615858277
11 0.6176334484757484 0.2073513533430908 0.06011131908544911 0.12690793364502548
9 0.24350209864869904 0.49313133470173887 0.06147383118569749 0.09254202400410509
5 0.7277271077238854 0.4645320733870573 0.07727154800821019 0.12232042759490121
9 0.6008383965587133 0.677777482831586 0.05520565046753827 0.08938066256778665
7 0.6885272105759969 0.17256274200496818 0.07760789129415606 0.1801329275949013
2 0.4136600625443455 0.46557798556206065 0.06316359621281223 0.1144261143631848
9 0.4085862222834617 0.39919900663929936 0.050554511903856715 0.09560339149054772
1 0.8919860922057914 0.7659304260427772 0.1414704033944048 0.1461306323171657
4 0.19613778190094103 0.8121676810127468 0.141434041958086 0.13988063231716552
8 0.40632532727687265 0.6820342325369985 0.08193177693097127 0.11766019867214013
0 0.4953156252850827 0.803395627249 0.06783291549465283 0.11132838544042371
10 0.4754186773985095 0.20349107601933603 0.06667039129415606 0.18006929508134392