9 0.42421875 0.309375 0.0421875 0.0875
2 0.3296875 0.80859375 0.084375 0.1078125
6 0.42578125 0.14375 0.0484375 0.140625
9 0.2921875 0.3125 0.046875 0.0890625
9 0.58203125 0.46953125 0.046875 0.090625
9 0.34609375 0.6625 0.053125 0.084375
5 0.17734375 0.7828125 0.09375 0.1078125
11 0.35546875 0.46953125 0.0609375 0.1171875
7 0.66484375 0.440625 0.0890625 0.1625
3 0.6421875 0.375 0.046875 0.084375
5 0.503125 0.37734375 0.0515625 0.1109375
6 0.6 0.65859375 0.0625 0.115625
4 0.75546875 0.43515625 0.103125 0.1609375
10 0.765625 0.53828125 0.10625 0.15625
1 0.784375 0.64375 0.1171875 0.15
8 0.60546875 0.80546875 0.078125 0.1015625