3 0.3359375 0.35078125 0.04921875 0.09296875
4 0.2171875 0.41796875 0.10859375 0.16484375
5 0.48046875 0.346875 0.04921875 0.115625
6 0.39140625 0.6546875 0.06328125 0.10859375
1 0.2828125 0.77265625 0.10625 0.12421875
9 0.6609375 0.65234375 0.05625 0.08203125
9 0.56328125 0.27109375 0.04453125 0.09140625
9 0.76640625 0.1296875 0.0515625 0.0953125
10 0.56484375 0.42421875 0.06875 0.1546875
6 0.55390625 0.090625 0.0515625 0.15
8 0.63984375 0.35859375 0.0671875 0.12109375
7 0.484375 0.553125 0.06484375 0.14453125