9 0.32734375 0.6 0.0484375 0.084375
3 0.4875 0.5234375 0.04765625 0.090625
3 0.56796875 0.25078125 0.0390625 0.090625
9 0.3421875 0.41328125 0.0453125 0.09140625
3 0.2875 0.253125 0.046875 0.0890625
5 0.49296875 0.24375 0.04765625 0.115625
11 0.25703125 0.41640625 0.0703125 0.11328125
9 0.66484375 0.62421875 0.05390625 0.08125
3 0.2453125 0.6 0.0625 0.0828125
0 0.575 0.725 0.06328125 0.1078125
3 0.5890625 0.859375 0.05390625 0.078125
3 0.4 0.84375 0.053125 0.07890625
9 0.28046875 0.1765625 0.0484375 0.090625
3 0.36015625 0.16796875 0.040625 0.0890625
0 0.3328125 0.48984375 0.0640625 0.11953125
1 0.57890625 0.48984375 0.06640625 0.14765625
3 0.77109375 0.859375 0.06953125 0.0765625
9 0.675 0.85 0.0578125 0.078125
9 0.634375 0.26171875 0.04140625 0.09140625
9 0.57109375 0.4203125 0.053125 0.090625
5 0.81171875 0.50078125 0.08125 0.1125
9 0.709375 0.33125 0.0484375 0.08828125
4 0.40625 0.30234375 0.06484375 0.1609375
2 0.403125 0.69921875 0.059375 0.10625
11 0.62890625 0.18125 0.0515625 0.11953125
6 0.725 0.4078125 0.0734375 0.128125
6 0.7765625 0.32265625 0.0671875 0.1265625
8 0.759375 0.73046875 0.0921875 0.0984375
7 0.77421875 0.1484375 0.078125 0.1703125
2 0.20390625 0.8453125 0.09765625 0.0953125
10 0.57890625 0.29140625 0.0609375 0.16796875
8 0.3515625 0.23203125 0.0625 0.13671875