3 0.32734375 0.3640625 0.0484375 0.0921875
3 0.303125 0.55703125 0.0515625 0.0828125
0 0.2875 0.64140625 0.0734375 0.1078125
5 0.47109375 0.19921875 0.04765625 0.115625
0 0.4546875 0.65390625 0.05546875 0.10546875
4 0.38125 0.25703125 0.065625 0.16171875
9 0.39140625 0.46328125 0.04609375 0.0875
6 0.7484375 0.27890625 0.06953125 0.12890625
1 0.37734375 0.63515625 0.07890625 0.13125
9 0.4 0.3703125 0.04296875 0.08515625
9 0.684375 0.28671875 0.04609375 0.0875
9 0.55 0.37109375 0.0421875 0.08359375
6 0.6234375 0.35390625 0.059375 0.12578125
5 0.78203125 0.45625 0.0765625 0.11171875
7 0.621875 0.2546875 0.06328125 0.159375
3 0.4765625 0.79140625 0.05390625 0.075
11 0.640625 0.54296875 0.0671875 0.109375
10 0.63515625 0.44140625 0.0734375 0.15859375
8 0.4609375 0.35546875 0.05546875 0.11953125
2 0.37734375 0.79921875 0.07265625 0.08828125
8 0.653125 0.6703125 0.07578125 0.09375
11 0.55 0.44453125 0.05234375 0.11640625
2 0.553125 0.55703125 0.05703125 0.11328125