9 0.24453125 0.4828125 0.05625 0.0875
3 0.56875 0.209375 0.04609375 0.0953125
3 0.6453125 0.378125 0.05078125 0.09375
5 0.571875 0.28515625 0.05234375 0.115625
5 0.74453125 0.47890625 0.07109375 0.10859375
6 0.73828125 0.36796875 0.06640625 0.13046875
0 0.42109375 0.18828125 0.05390625 0.13828125
2 0.48203125 0.46640625 0.05234375 0.109375
0 0.5640625 0.58671875 0.05625 0.109375
9 0.48359375 0.390625 0.04296875 0.0859375
9 0.715625 0.28359375 0.046875 0.09296875
1 0.65546875 0.5546875 0.071875 0.14375
7 0.7203125 0.1625 0.06796875 0.178125
11 0.64375 0.19453125 0.05234375 0.1234375
9 0.56171875 0.378125 0.04375 0.0828125
10 0.49375 0.1828125 0.059375 0.1703125
9 0.56171875 0.4984375 0.04453125 0.07421875
9 0.64765625 0.30078125 0.04375 0.09375
4 0.4796875 0.2609375 0.0671875 0.16953125
6 0.6703125 0.46875 0.06484375 0.13046875
8 0.74375 0.57890625 0.08359375 0.11875