9 0.2450296571068376 0.3171875 0.05526019262201594 0.0984375
3 0.3303955062465159 0.146875 0.04743860226293624 0.096875
4 0.3819393046475096 0.284375 0.07443743949875792 0.171875
3 0.7583951819947055 0.83984375 0.07081246974937905 0.0859375
9 0.31719957289607803 0.40078125 0.0536704215447771 0.09375
9 0.5387978378249969 0.3140625 0.04270565046753809 0.0890625
3 0.2579887202403583 0.23828125 0.05210792154477702 0.09375
0 0.308155850121637 0.478125 0.07262040944452863 0.128125
5 0.4737091690106944 0.221875 0.05384313836728971 0.1234375
9 0.6958745396203949 0.30625 0.05052724082661779 0.090625
11 0.3892922206331418 0.49765625 0.06472609621281214 0.1140625
2 0.27866275108015454 0.71328125 0.08811814441741408 0.10625
9 0.19428723019930735 0.84765625 0.07077610831306051 0.0796875
9 0.47092245307194436 0.83515625 0.0551420179539809 0.078125
8 0.4626302475641131 0.38046875 0.06011131908544911 0.1265625
1 0.46466894965409883 0.5671875 0.07118517447164337 0.15
2 0.5621933894474443 0.58984375 0.061628367290050966 0.11875
11 0.6489894074996211 0.5765625 0.07096700585373253 0.1125
6 0.7615631721339523 0.2953125 0.074246541958086 0.1390625
0 0.5630650221573934 0.70859375 0.0646988251355733 0.109375
6 0.7094779764868743 0.38515625 0.07421927088084708 0.134375
7 0.6200074520899856 0.18671875 0.06825107201231528 0.1828125
5 0.7995666453011768 0.47734375 0.08348518657189175 0.115625
10 0.6377438770526084 0.3609375 0.0775624394987581 0.171875
8 0.7474172962596943 0.7125 0.09434087334017516 0.1015625