3 0.66796875 0.36169862850653656 0.0515625 0.09404998184962743
3 0.6984375 0.5540633905085891 0.0546875 0.08469316256778665
0 0.7171875 0.6377662248175445 0.0765625 0.1113829275949012
5 0.51875 0.20145549921443306 0.0515625 0.11748748184962743
0 0.55078125 0.6555481015755653 0.059375 0.10815793364502539
4 0.61015625 0.25667478522059073 0.071875 0.16448065651766247
9 0.60703125 0.4629066045024315 0.0484375 0.08934430113146821
6 0.24375 0.2889180960164204 0.0734375 0.13167724687674198
1 0.62734375 0.6341185291704665 0.0828125 0.13485678903121984
9 0.5953125 0.37065092680933437 0.0453125 0.08620112041330899
9 0.30859375 0.2947640959182245 0.0484375 0.08934430113146812
9 0.4453125 0.37524700233769104 0.0453125 0.0846386204133089
6 0.371875 0.360757255460949 0.0640625 0.12849770472226432
5 0.21640625 0.46766526473252706 0.0796875 0.11452610831306043
7 0.36953125 0.2615248699223296 0.06875 0.16133747579950314
3 0.53359375 0.7937293576256894 0.05625 0.07688975292686617
11 0.3609375 0.5497561229473916 0.0703125 0.11134656615858277
10 0.3625 0.4482027133064713 0.0796875 0.1614011083130606
8 0.534375 0.3570151528052293 0.059375 0.1222204336450254
2 0.6328125 0.7982128454272452 0.075 0.09106133723582169
8 0.353125 0.6778356711519937 0.0796875 0.0973386083130606
11 0.4484375 0.4487026830558503 0.05625 0.11907725292686618
2 0.44921875 0.56120722823539 0.0609375 0.11597952400410509