3 0.3224850958200286 0.37530102361132167 0.05367951190385671 0.09562157220870696
3 0.30954980034590124 0.5689692103796051 0.05674996974937896 0.08626475292686617
0 0.2991077249157404 0.6540618278660478 0.08033291549465282 0.1114011083130606
5 0.45663686114173085 0.20343108967170856 0.053806776930971266 0.11749657220870705
0 0.46631795081343946 0.6589407462875668 0.0615647347764936 0.10816702400410491
4 0.37028172550491556 0.2654265747427898 0.07440107806243948 0.16605224687674197
9 0.3925708577238853 0.47101804459036456 0.05051815046753818 0.08935339149054791
6 0.7382686562230749 0.2706923543060397 0.07733518052176755 0.1332579275949012
1 0.38810659240218304 0.6436424783335859 0.0867283612399267 0.13643746974937904
9 0.39515498135864807 0.3780674753085239 0.04738406010845857 0.0877727107723885
9 0.6742697887366321 0.2812571495837754 0.05051815046753827 0.08935339149054773
9 0.5451140747427898 0.37190889978016717 0.04737496974937905 0.08621021077238851
6 0.617647604895215 0.3512378514773694 0.06637040944452863 0.12850679508134402
5 0.782255526439992 0.44594233918072923 0.08348518657189175 0.11610678903121965
7 0.6100391170936592 0.2519781948615111 0.07282039734428025 0.16291815651766245
3 0.4967963120533662 0.7950509631100795 0.058267017953980725 0.07846134328594587
11 0.6460867431643089 0.5396781827612627 0.07409200585373252 0.11292724687674216
10 0.6345583698241337 0.4380520502477053 0.08219539734428025 0.16297269867214012
8 0.45520669222923243 0.36044870413308916 0.06164654800821019 0.1222295240041051
2 0.3976548301055429 0.8077549753085238 0.07709883118569741 0.0926329275949012
8 0.6655685170702181 0.6655685170702181 0.08181360226293641 0.09734769867214013
11 0.5494475716195317 0.44536912567786613 0.05850336729005079 0.11908634328594588
2 0.5594725322937245 0.557142417832344 0.06317268657189175 0.11598861436318479