9 0.5171875 0.3921875 0.0421875 0.0890625
1 0.82421875 0.76953125 0.1171875 0.1390625
9 0.38125 0.41484375 0.0421875 0.08515625
11 0.584375 0.31171875 0.0484375 0.1078125
9 0.21875 0.5015625 0.0578125 0.084375
6 0.61015625 0.4703125 0.05703125 0.12265625
4 0.6296875 0.7875 0.0875 0.1234375
5 0.684375 0.48203125 0.06640625 0.11328125
3 0.3078125 0.4109375 0.0515625 0.08203125
0 0.18984375 0.684375 0.08203125 0.1125
9 0.46640625 0.8 0.04921875 0.07890625
10 0.31171875 0.2140625 0.07421875 0.16328125
7 0.6546875 0.2015625 0.06015625 0.16328125
0 0.37734375 0.29140625 0.05234375 0.12734375
2 0.4546875 0.5734375 0.05390625 0.1109375
8 0.45625 0.6875 0.06328125 0.0984375