9 0.47270922951193634 0.39375 0.048973831185697494 0.0921875
1 0.19070823312617363 0.79140625 0.12741699375348406 0.146875
9 0.6101319614597596 0.40703125 0.04894656010845857 0.0875
11 0.4004938619272978 0.31796875 0.05689541549465282 0.1109375
9 0.777664374223938 0.48203125 0.06457156010845858 0.0875
6 0.385499600121637 0.478125 0.06636131908544902 0.1265625
4 0.38599346204893475 0.79609375 0.09606699980360825 0.1296875
5 0.3119621061717612 0.4953125 0.07411927693097135 0.1171875
3 0.6828427536142373 0.39765625 0.05831246974937905 0.0859375
0 0.8180206877502421 0.6625 0.08974427693097127 0.1171875
9 0.5500514168693951 0.796875 0.05516928903121965 0.0828125
10 0.6667960936787293 0.2015625 0.0869192587805987 0.16875
7 0.32375916598563215 0.21328125 0.07284766842151909 0.1671875
0 0.6061625998270495 0.28359375 0.061701090162687856 0.13125
2 0.5466820189359396 0.5703125 0.06160109621281222 0.1140625
8 0.5530496727231273 0.684375 0.07091246369925486 0.103125