9 0.48509418012898403 0.3949964209556019 0.04270565046753827 0.08930793969514968
1 0.18025825184671174 0.7705539153964571 0.117996541958086 0.13974427693097127
9 0.6211634903356386 0.4184435321955286 0.04267837939029935 0.08462043969514976
11 0.41743852663638376 0.3141367855151783 0.049064734776493604 0.1080943011314682
9 0.7841680052645572 0.5061076795398088 0.05830337939029935 0.08471134328594587
6 0.3925799480829649 0.4725805445903646 0.05695904800821019 0.12220225292686634
4 0.37489404097612733 0.7896544151018695 0.0882181383672898 0.12394656010845857
5 0.31842937577606206 0.48386750253408284 0.06627950585373252 0.11288179508134384
3 0.6945782644379395 0.4149645290722706 0.052035198672140126 0.08154998184962743
0 0.8141378272768727 0.6890883511827818 0.08190450585373235 0.11297269867214013
9 0.5382480138487643 0.8031043576256895 0.050454517953980905 0.07841589149054755
10 0.6895266291939076 0.2180668031745716 0.07594539734428025 0.16293633723582168
7 0.3464851563212707 0.20357146935659548 0.060320397344280255 0.1628454336450255
0 0.6243516019683487 0.2950287580932277 0.05387040944452863 0.12843407220870695
2 0.5486486617822197 0.5766100353187866 0.05377041549465282 0.11124657220870696
8 0.5477497579950319 0.6906634449597069 0.06307269262201594 0.0988011143631848