9 0.3253973713952676 0.6050385205862595 0.05049996974937905 0.08622839149054791
3 0.4852359797083281 0.5262782372123805 0.05053633118569749 0.09247839149054773
3 0.5618267925472612 0.2532770744482022 0.041152240826617795 0.09086134933607007
9 0.33820241930528183 0.4183879482793567 0.04741133118569749 0.0924602107723885
3 0.2820983859314029 0.25868115017295057 0.048964740826617795 0.0909068011314682
5 0.4868631539835796 0.2465907372123805 0.05068177693097127 0.11747839149054773
11 0.25302344340758287 0.4217987737095175 0.07253859621281204 0.11448065651766245
9 0.6635740822658519 0.6249753333269968 0.05516928903121965 0.08313066256778648
3 0.24335703103618794 0.6061237767345796 0.06455337939029934 0.08474770472226431
0 0.574697413746137 0.7268054780389983 0.0662613251355733 0.10975679508134384
3 0.5903218928652899 0.8612759268093344 0.0551511083130606 0.08000566256778648
3 0.4013321157379268 0.8476759933607007 0.05515110831306043 0.08000566256778682
9 0.2739500635263042 0.18206865319801274 0.05053633118569749 0.09247839149054773
3 0.3536966508603217 0.17237601151107323 0.04270565046753827 0.08930793969514968
0 0.3299444917103806 0.49490499648395864 0.06632495764913057 0.12069429508134384
1 0.5760655127876195 0.4916492280389983 0.06961358411256366 0.14883747579950324
3 0.7723713235834492 0.8592099536421098 0.07076701795398073 0.07853406615858276
9 0.6763230253788471 0.8508383965587132 0.05983860831306061 0.0800329336450254
9 0.6289597503927835 0.26304295988862575 0.04428633118569749 0.09244203005422928
9 0.5670950337666625 0.42206343588452067 0.05522383118569749 0.09250566256778665
5 0.8088371061717613 0.5000349415418613 0.08347609621281223 0.11454428903121965
9 0.70434556977282 0.33145259230398716 0.05051815046753809 0.08935339149054773
4 0.4013569251590144 0.3062515626425414 0.06813289734428025 0.16289088544042354
2 0.4021729739527915 0.7031447433607007 0.0615647347764936 0.10816702400410509
11 0.6223966538853837 0.18253330327276746 0.053824957649130666 0.12062157220870699
6 0.7210876421779189 0.408115086253863 0.07575449980360834 0.1301238372358217
6 0.7715876119272979 0.3224684777444108 0.06949540944452863 0.12852497579950323
8 0.7590587782075175 0.7302218904103933 0.09433178298109546 0.10054542154477701
7 0.7671324369646751 0.14821791148763214 0.08224993949875792 0.17234769867214011
2 0.20520654948114814 0.8520039032962086 0.10056360226293633 0.09745678298109581
10 0.5733137383907309 0.29318900214129934 0.06504425878059869 0.16912270472226432
8 0.3455114461380574 0.23639305971567515 0.0664249515990063 0.13788179508134393