9 0.55390625 0.38515625 0.04296875 0.096875
3 0.3390625 0.39296875 0.05390625 0.09765625
0 0.41875 0.20234375 0.0515625 0.14140625
6 0.6515625 0.46328125 0.06328125 0.12890625
11 0.63125 0.2171875 0.05234375 0.1234375
9 0.24140625 0.48125 0.05703125 0.0890625
5 0.7265625 0.48046875 0.07109375 0.11875
9 0.5875 0.6859375 0.05 0.0859375
7 0.70390625 0.18671875 0.0671875 0.17578125
2 0.4125 0.46328125 0.05625 0.1109375
9 0.41171875 0.396875 0.0453125 0.09296875
1 0.87265625 0.790625 0.1328125 0.1390625
4 0.17578125 0.796875 0.13359375 0.1328125
8 0.39296875 0.67890625 0.07578125 0.11328125
0 0.47421875 0.80546875 0.06171875 0.1078125
10 0.48984375 0.20546875 0.05703125 0.17734375