9 0.24609375 0.4680995184449602 0.0609375 0.0909795240041051
3 0.58359375 0.20988600088376277 0.0515625 0.09717498184962743
3 0.6515625 0.3821468202637994 0.05625 0.09720225292686627
5 0.5828125 0.2856717960633026 0.0578125 0.11908634328594588
5 0.7453125 0.48707014871902227 0.0765625 0.1129454275949012
6 0.74453125 0.37613719389856215 0.0734375 0.13480224687674208
0 0.4375 0.18182969945770702 0.0609375 0.1409795240041051
2 0.48359375 0.4628115338648583 0.0578125 0.11283634328594587
0 0.559375 0.5865894014494968 0.0625 0.11286361436318479
9 0.4890625 0.38699846760807965 0.046875 0.0877727107723885
9 0.7265625 0.29108548302797776 0.0515625 0.09561248184962742
1 0.65234375 0.5587047750842595 0.0796875 0.14733860831306062
7 0.7375 0.16992810051442042 0.0765625 0.1816954275949013
11 0.659375 0.19850761846840131 0.059375 0.12690793364502548
9 0.56796875 0.37794565447455897 0.0484375 0.0846568011314682
10 0.51015625 0.17984449776050482 0.06875 0.1738374757995032
9 0.56171875 0.4982945159108775 0.0484375 0.07684430113146803
9 0.6578125 0.3047667088274809 0.0484375 0.09559430113146812
4 0.4921875 0.2572927868899204 0.0765625 0.1738829275949013
6 0.671875 0.47343489559576446 0.071875 0.13479315651766227
8 0.7390625 0.5871065101553408 0.0890625 0.12395565046753827