9 0.25 0.3125 0.053125 0.096875
3 0.3375 0.14375 0.0453125 0.09609375
4 0.3875 0.28203125 0.07109375 0.1703125
3 0.75703125 0.84453125 0.06875 0.084375
9 0.32109375 0.39765625 0.05078125 0.09296875
9 0.54375 0.31484375 0.040625 0.0890625
3 0.2640625 0.234375 0.05 0.09296875
0 0.31171875 0.475 0.06953125 0.12734375
5 0.4796875 0.22109375 0.05078125 0.121875
9 0.70078125 0.309375 0.0484375 0.0890625
11 0.3921875 0.49609375 0.06171875 0.11328125
2 0.27890625 0.709375 0.08515625 0.10546875
9 0.19296875 0.8421875 0.06875 0.078125
9 0.4703125 0.834375 0.053125 0.07734375
8 0.4671875 0.3796875 0.05703125 0.125
1 0.4671875 0.56640625 0.0671875 0.14921875
2 0.5640625 0.590625 0.05859375 0.1171875
11 0.65078125 0.57890625 0.06796875 0.11171875
6 0.7671875 0.3 0.07109375 0.13828125
0 0.56328125 0.709375 0.06171875 0.10859375
6 0.7140625 0.3890625 0.071875 0.13359375
7 0.6265625 0.1890625 0.06328125 0.18203125
5 0.80234375 0.4828125 0.08046875 0.11484375
10 0.6421875 0.36328125 0.0734375 0.1703125
8 0.74765625 0.7171875 0.09140625 0.1