3 0.2515625 0.2421875 0.0578125 0.0890625
3 0.3296875 0.33203125 0.053125 0.090625
3 0.3328125 0.2484375 0.0484375 0.090625
3 0.33359375 0.159375 0.04609375 0.09453125
3 0.3375 0.07421875 0.0453125 0.09765625
0 0.22265625 0.52734375 0.08359375 0.1078125
4 0.403125 0.1234375 0.06171875 0.171875
9 0.7078125 0.2515625 0.0546875 0.090625
9 0.69296875 0.08125 0.046875 0.09609375
9 0.63203125 0.15859375 0.04375 0.09296875
6 0.790625 0.2234375 0.08203125 0.13359375
3 0.490625 0.42734375 0.0421875 0.07109375
11 0.475 0.22109375 0.05 0.11953125
7 0.39375 0.41171875 0.0703125 0.14453125
3 0.3109375 0.67109375 0.0578125 0.07578125
6 0.64375 0.42109375 0.065625 0.12578125
9 0.5609375 0.42890625 0.046875 0.08359375
9 0.5625 0.52421875 0.0484375 0.07734375
10 0.47890625 0.5171875 0.06484375 0.1375
1 0.73671875 0.403125 0.0953125 0.1609375
2 0.39765625 0.52890625 0.0671875 0.0984375
3 0.49453125 0.76953125 0.05234375 0.078125
0 0.74375 0.64453125 0.08828125 0.09765625
9 0.65859375 0.64296875 0.0546875 0.08046875
8 0.65 0.5296875 0.07421875 0.0984375
5 0.57421875 0.77109375 0.0671875 0.08515625
9 0.6734375 0.77265625 0.05859375 0.0734375
9 0.4765625 0.334375 0.04453125 0.0828125
8 0.4734375 0.63515625 0.065625 0.09140625
11 0.29140625 0.76796875 0.08046875 0.0859375
2 0.55859375 0.2265625 0.06015625 0.12890625
5 0.55546875 0.14375 0.04921875 0.1140625