11 0.33984375 0.6644771530998168 0.08125 0.12078519867214013
7 0.725 0.6143741766129426 0.1078125 0.1490647347764936
8 0.5328125 0.6398185624461497 0.06875 0.10977497579950324
5 0.63671875 0.16073557132494423 0.065625 0.13163179508134393
0 0.69609375 0.49779975496996964 0.078125 0.1363920179539809
10 0.265625 0.41560786104353503 0.1078125 0.1740647347764936
6 0.4265625 0.3196691680287357 0.0625 0.1441136143631848
3 0.5140625 0.3443969781371942 0.0484375 0.09715680113146812
2 0.44375 0.5221129119786114 0.0703125 0.12228406615858275
4 0.50234375 0.1419850504440971 0.0671875 0.19101588544042353
1 0.3484375 0.31687090007475477 0.0875 0.18332156010845857
3 0.209375 0.19965560811666877 0.0578125 0.10346134328594588
2 0.66640625 0.30543953814745695 0.0765625 0.1395079275949013