3 0.63046875 0.13882420988862573 0.0453125 0.0940136204133089
3 0.6375 0.21542761650448403 0.046875 0.09402271077238851
3 0.640625 0.29903954722264325 0.05 0.09247839149054773
5 0.70234375 0.12830486640628816 0.065625 0.12694429508134392
3 0.64453125 0.38187477312034235 0.053125 0.09093407220870695
0 0.71875 0.28152531517662416 0.0734375 0.13948974687674198
3 0.65859375 0.5780503363520589 0.0625 0.0941136143631848
9 0.2859375 0.13603853571157004 0.046875 0.09871021077238851
9 0.27734375 0.21098853873663215 0.0484375 0.09715680113146812
0 0.75859375 0.5645696193331544 0.0953125 0.11461701190385654
4 0.75 0.45514462235821646 0.1125 0.1615920058537325
6 0.18984375 0.2651669786281735 0.078125 0.1442045179539809
3 0.66875 0.6867031736860764 0.059375 0.0878454336450254
9 0.26875 0.2953135417616942 0.053125 0.09562157220870696
11 0.2078125 0.12308401775758915 0.0671875 0.12851588544042353
9 0.2625 0.3765271803253758 0.053125 0.09405907220870695
9 0.25 0.4748919574527388 0.0578125 0.09252384328594587
3 0.653125 0.47489352009528024 0.05625 0.09407725292686635
3 0.684375 0.8102315772768727 0.0640625 0.08162270472226432
8 0.19453125 0.1901942497054124 0.0765625 0.1332579275949013
7 0.16640625 0.34081187324197926 0.109375 0.1740738251355732
10 0.140625 0.4336306323171656 0.121875 0.17727154800821018
2 0.76640625 0.6794588211285525 0.096875 0.11150110226293641
6 0.14140625 0.5547289274967053 0.0984375 0.12557269262201592
9 0.23671875 0.6841896894005621 0.0625 0.0863011143631848
5 0.790625 0.8069434716942865 0.096875 0.10056360226293641
9 0.2171875 0.8004823099120669 0.0640625 0.08162270472226432
9 0.24296875 0.5686010508368806 0.059375 0.0878454336450254
11 0.109375 0.8068863251355733 0.10625 0.1021806444174139
8 0.125 0.6694772287263694 0.1046875 0.10998405405833438
2 0.7171875 0.20964122481754455 0.075 0.1301238372358217
1 0.746875 0.3535639416400572 0.0984375 0.17557269262201594