4 0.5561005299560333 0.10859375 0.055796523807713425 0.190625
1 0.7146038972460843 0.22734375 0.07927038524403188 0.196875
0 0.4116516140685971 0.25703125 0.055578355189802586 0.153125
5 0.5515317255049157 0.26328125 0.049155638367289714 0.1234375
0 0.48473511094533916 0.33046875 0.05401585518980241 0.153125
3 0.7903493066906131 0.35546875 0.0600022347764936 0.1078125
3 0.6867738130353248 0.14375 0.044313602262936236 0.096875
6 0.6300930627407373 0.33828125 0.058666993753484144 0.146875
7 0.5519054719888741 0.59609375 0.07601812021691715 0.175
3 0.25125499043383437 0.35 0.05367951190385671 0.0953125
10 0.7613168334251926 0.60234375 0.11668857201231528 0.1828125
9 0.4219118823171656 0.140625 0.03961701190385671 0.0953125
3 0.37003382415361463 0.7578125 0.06307269262201594 0.0984375
11 0.3887322645361353 0.34609375 0.06169199980360833 0.1296875
2 0.30873166802873564 0.4265625 0.07264768052176755 0.1328125
9 0.3124157251121321 0.52265625 0.05365224082661779 0.090625
2 0.559481101771957 0.42109375 0.060147680521767555 0.1328125
11 0.645182773316734 0.51484375 0.06481699980360815 0.1296875
8 0.8473815984523073 0.62421875 0.10389768052176755 0.1328125