3 0.6500459726762452 0.14596454419758115 0.04742042154477701 0.09402271077238855
3 0.6536209454506863 0.22332647491574037 0.048992011903856714 0.0955943011314682
3 0.6533260296614458 0.3069156797362006 0.05210792154477702 0.09404998184962743
5 0.7218846112399268 0.14013270071524359 0.06792381908544912 0.12695338544042353
3 0.6530265686926656 0.38972363455666076 0.05522383118569749 0.09250566256778665
0 0.7321504664297293 0.2933122428697213 0.07738063231716552 0.1410704275949013
3 0.6572969539366975 0.58661681527482 0.06461701190385653 0.09568520472226431
9 0.3061868883672898 0.12521466520006524 0.04901928298109555 0.10028180113146816
9 0.2941232256031115 0.20014194232742835 0.050563602262936234 0.09716589149054773
0 0.7588049117822196 0.5778326886149951 0.09754768657189175 0.11618860226293641
4 0.7550435866466465 0.4684395078968359 0.11657039734428025 0.16317268657189174
6 0.2037891170936592 0.2496147015008105 0.08209540339440444 0.14578519867214013
3 0.6633974838927308 0.6952423815315987 0.06144656010845857 0.0878545240041051
9 0.282109559813871 0.28366296945479136 0.05524201190385671 0.09563066256778666
11 0.22797098477649363 0.10913514724608438 0.07105790944452864 0.12853406615858282
9 0.2716447584860111 0.36484933694123406 0.05523292154477701 0.09406816256778656
9 0.2550208607489474 0.4616243429913583 0.05992042154477702 0.0940954336450254
3 0.6574736950579029 0.48271511045435983 0.058367011903856715 0.09564884328594588
3 0.6727139174395604 0.8195111285065366 0.06610678903121965 0.08319429508134384
8 0.21194652985783757 0.17466469847574836 0.08046927088084707 0.13483860831306052
7 0.17765840914994108 0.323678915396457 0.11351812021691718 0.17565450585373252
10 0.1477214451560987 0.4149079033944044 0.12604539129415607 0.1804147287263694
2 0.7610400983541115 0.6934667789740747 0.09909200585373253 0.11307269262201594
6 0.14217594798476907 0.535965291958086 0.10229881908544902 0.12715337334017515
9 0.23123442368607638 0.6700726472460843 0.06457156010845858 0.08787270472226431
5 0.7789684626191002 0.8209105229239506 0.09902837334017534 0.10213519262201594
9 0.20612586025796809 0.7855476563212707 0.06609769867214013 0.08163179508134402
9 0.2430617371141847 0.5545203701187214 0.06145565046753827 0.08941702400410509
11 0.09831790543750792 0.785701671544777 0.10841246369925477 0.10375223477649378
8 0.12018329419758116 0.6498959817514315 0.10689541549465287 0.1115556444174139
2 0.7340760599120669 0.2214508784083407 0.07732609016268803 0.1316954275949013
1 0.7560152133064714 0.36688609825591556 0.10258971057599667 0.17715337334017517