7 0.4024140112164856 0.54921875 0.08045109016268785 0.13125
11 0.5766054901392468 0.54453125 0.06310905405833438 0.1046875
10 0.6594992824901162 0.42421875 0.08837267447164336 0.15
0 0.40885438787631045 0.44765625 0.061628367290050966 0.11875
11 0.5830276860809124 0.43984375 0.0600113251355733 0.109375
6 0.5699049964839585 0.3328125 0.05543290944452863 0.128125
3 0.6633560563960255 0.55 0.05830337939029935 0.084375
9 0.4926385145361353 0.34609375 0.04427724082661797 0.090625
5 0.4131641170936592 0.2484375 0.05850336729005097 0.11875
2 0.40437544525429453 0.34921875 0.061619276930971266 0.1171875
3 0.5663663851458359 0.26171875 0.04742951190385671 0.0953125
4 0.4880641231437834 0.23125 0.061919258780598695 0.16875
3 0.637437409248137 0.2578125 0.05051815046753809 0.0890625
1 0.6518635236113216 0.3203125 0.08222266842151918 0.1671875
8 0.49224412567786613 0.546875 0.06308178298109546 0.1
2 0.49005439090137254 0.4390625 0.0600113251355733 0.109375