3 0.32578125 0.11138591013189969 0.0484375 0.09559430113146812
3 0.325 0.19420295531143952 0.0515625 0.09717498184962739
3 0.328125 0.28012227459328026 0.0515625 0.08623748184962743
3 0.33046875 0.3621398890546609 0.059375 0.09565793364502548
4 0.39140625 0.15397286505055577 0.0734375 0.17542724687674208
5 0.54453125 0.16401950986075323 0.0578125 0.12377384328594587
9 0.67265625 0.08983660041622457 0.05 0.09716589149054777
3 0.490625 0.44792687724900004 0.046875 0.0846477107723885
9 0.684375 0.16711217272312745 0.0515625 0.09561248184962738
11 0.75 0.07298037764178349 0.071875 0.1285431565176624
0 0.23125 0.5627171268562166 0.0921875 0.11616133118569749
3 0.33125 0.566822843875121 0.0640625 0.09099770472226432
6 0.7765625 0.22126334153743002 0.0828125 0.13954428903121974
9 0.69921875 0.2529633143118711 0.0546875 0.09094316256778665
9 0.63359375 0.33928260939321503 0.053125 0.08780907220870696
2 0.396875 0.3508160487937771 0.06875 0.11446247579950315
10 0.55 0.30226894360397455 0.0765625 0.1723204275949012
9 0.56484375 0.43812008519271817 0.0515625 0.08623748184962743
3 0.32890625 0.6801177294137405 0.0609375 0.08316702400410492
7 0.39765625 0.43362400361423725 0.078125 0.1488920179539809
3 0.51796875 0.7821427959651068 0.0578125 0.08314884328594588
6 0.6453125 0.42437068170011794 0.06875 0.13008747579950325
9 0.57265625 0.5302621333973201 0.053125 0.08155907220870695
0 0.21796875 0.7932631449083933 0.103125 0.09591246369925485
5 0.41015625 0.7898012807416004 0.075 0.09418633723582168
9 0.67421875 0.644515010057145 0.0578125 0.08627384328594587
2 0.40703125 0.5499757114597597 0.0734375 0.10667724687674215
1 0.734375 0.3980712812325797 0.1 0.16933178298109555
8 0.6609375 0.5297485281093216 0.0765625 0.1051329275949012
9 0.69609375 0.7693877450300304 0.0609375 0.0753545240041051
8 0.48671875 0.6487308531466991 0.06875 0.09883747579950324
11 0.88515625 0.7589128115813966 0.1046875 0.09592155405833439