11 0.66875 0.65390625 0.075 0.1171875
7 0.28125 0.621875 0.10078125 0.14296875
8 0.47421875 0.63828125 0.0640625 0.10546875
5 0.3453125 0.16484375 0.059375 0.128125
0 0.30390625 0.50390625 0.071875 0.1328125
10 0.7296875 0.4015625 0.09921875 0.16796875
6 0.5640625 0.31328125 0.05546875 0.140625
3 0.47734375 0.3421875 0.04375 0.0953125
2 0.55703125 0.51640625 0.0640625 0.11796875
4 0.47890625 0.13984375 0.0578125 0.18828125
1 0.64140625 0.30703125 0.07890625 0.1796875
3 0.77421875 0.18359375 0.053125 0.1
2 0.3234375 0.31015625 0.0703125 0.13515625