4 0.58046875 0.17603331839807795 0.0625 0.1769261143631847
5 0.71875 0.12215031517662416 0.0625 0.1284886143631847
0 0.734375 0.27458496876742033 0.065625 0.14413179508134402
1 0.678125 0.4469139658405541 0.0875 0.16144656010845856
10 0.42734375 0.3345174632082754 0.071875 0.17229315651766247
3 0.646875 0.13345090865896175 0.0421875 0.09712043969514968
3 0.653125 0.29520602009528024 0.046875 0.09089771077238851
0 0.7734375 0.5685622277444107 0.0875 0.11925906010845858
3 0.65234375 0.21238897491574044 0.04375 0.09712953005422928
3 0.6578125 0.3788270411725191 0.05 0.08935339149054773
3 0.49921875 0.4732168697259379 0.04375 0.08775453005422928
2 0.734375 0.20036621876742036 0.071875 0.13010565651766245
3 0.66796875 0.5812298785065366 0.0609375 0.0941045240041051
3 0.678125 0.6945702158405541 0.05625 0.08470225292686617
7 0.1765625 0.3463397105759968 0.109375 0.16313632513557322
6 0.20234375 0.2714897015008105 0.078125 0.1379545179539809
2 0.58984375 0.5706191105525557 0.065625 0.11288179508134384
9 0.2921875 0.2141998971478885 0.046875 0.09402271077238851
9 0.30078125 0.1408123941228264 0.046875 0.09714771077238851
11 0.221875 0.12863458098930572 0.0671875 0.12382838544042359
3 0.49296875 0.8138055082896194 0.05 0.07841589149054755
9 0.28125 0.29773001463433124 0.053125 0.09093407220870695
9 0.2625 0.4749646803253758 0.0578125 0.08314884328594588
9 0.3390625 0.5777538579202771 0.053125 0.07999657220870696
9 0.27421875 0.38128285801847295 0.053125 0.09093407220870695
6 0.24453125 0.6701726411959601 0.08125 0.10984769867214013
9 0.325 0.6823595446885605 0.05625 0.08626475292686635
8 0.209375 0.19418685811666875 0.078125 0.13170451795398092
9 0.30625 0.8150629603796051 0.059375 0.07690793364502539
11 0.11484375 0.814730641392352 0.103125 0.09903746369925485
8 0.1328125 0.6835851805217675 0.10625 0.1037431444174139
5 0.80078125 0.8171588090283042 0.09375 0.10054542154477701