11 0.75859375 0.1453125 0.0671875 0.1203125
11 0.378125 0.54375 0.0640625 0.1203125
9 0.5390625 0.3703125 0.040625 0.090625
5 0.628125 0.284375 0.0578125 0.121875
7 0.8265625 0.6421875 0.1171875 0.14375
10 0.26171875 0.75234375 0.10625 0.140625
6 0.3765625 0.75625 0.06875 0.1015625
3 0.76875 0.38359375 0.0546875 0.0890625
8 0.18203125 0.6453125 0.0953125 0.1046875
0 0.7125 0.55234375 0.0765625 0.1265625
2 0.56484375 0.55078125 0.065625 0.11875
2 0.690625 0.20859375 0.0625 0.125
4 0.4796875 0.1125 0.05625 0.1828125
3 0.23828125 0.36484375 0.0609375 0.1
1 0.315625 0.24140625 0.0796875 0.184375
3 0.34296875 0.13828125 0.04375 0.0953125
0 0.54921875 0.7953125 0.0625 0.10625