3 0.35390625 0.11534021633153342 0.046875 0.0924602107723885
5 0.28359375 0.10164990017295061 0.06875 0.12383747579950319
3 0.3375 0.2722760175611974 0.05 0.08779089149054772
3 0.34453125 0.1918481741770557 0.0484375 0.08934430113146816
3 0.3296875 0.35035556576579935 0.0578125 0.09096134328594588
0 0.26015625 0.24760729478675633 0.075 0.13481133723582167
2 0.2640625 0.18044252068445538 0.078125 0.12545451795398085
3 0.478125 0.450437899878363 0.046875 0.08621021077238851
9 0.68828125 0.1352543031745716 0.0484375 0.09559430113146816
3 0.3078125 0.5431970507386847 0.0640625 0.08943520472226432
9 0.68984375 0.20870089353365123 0.046875 0.09089771077238851
4 0.2234375 0.41770617134838534 0.1125 0.14752950585373253
9 0.69453125 0.29154066461089007 0.0515625 0.08936248184962743
0 0.2125 0.527798788834828 0.0953125 0.11617951190385653
6 0.7703125 0.26698154702625154 0.0796875 0.13483860831306052
11 0.76328125 0.12631564041039325 0.0671875 0.12382838544042354
9 0.69609375 0.3688935049699697 0.053125 0.08937157220870703
3 0.29375 0.6509277375069681 0.059375 0.0800329336450254
3 0.27421875 0.7656578580184729 0.0640625 0.07849770472226432
9 0.70546875 0.46582304712444744 0.05625 0.08938975292686635
9 0.62421875 0.5551940984523073 0.053125 0.07999657220870696
2 0.38203125 0.5373788427949665 0.071875 0.10979315651766246
7 0.7890625 0.34130938133520694 0.10625 0.166243144417414
8 0.7703125 0.19354404702625155 0.0765625 0.1270079275949013
10 0.81171875 0.4430036915418614 0.11875 0.17881586729005097
9 0.70859375 0.6689662278426066 0.0609375 0.0862920240041051
5 0.17265625 0.7588169846782978 0.09375 0.09585792154477701
9 0.71875 0.7815253151766242 0.0609375 0.0784795240041051
11 0.821875 0.790719028875879 0.1 0.09901928298109546
8 0.8125 0.6601957367214013 0.1 0.10526928298109546
1 0.23046875 0.3224345779642436 0.103125 0.17091246369925478
6 0.8 0.5507480138487643 0.0890625 0.11926815046753828