11 0.24765625 0.140625 0.06484375 0.11875
11 0.62109375 0.54609375 0.06171875 0.11875
9 0.46328125 0.36953125 0.03984375 0.08984375
5 0.37578125 0.28203125 0.05546875 0.1203125
7 0.17109375 0.63671875 0.11484375 0.14140625
10 0.73359375 0.75625 0.10390625 0.1390625
6 0.61875 0.75859375 0.0671875 0.10078125
3 0.23359375 0.37890625 0.053125 0.08828125
8 0.815625 0.65078125 0.09296875 0.10234375
0 0.28671875 0.5484375 0.075 0.125
2 0.434375 0.55 0.06328125 0.11796875
2 0.31484375 0.20546875 0.06015625 0.12421875
4 0.52734375 0.11328125 0.05234375 0.18125
3 0.7640625 0.36953125 0.05859375 0.0984375
1 0.6890625 0.24453125 0.0765625 0.18359375
3 0.66328125 0.14140625 0.04140625 0.09453125
0 0.4453125 0.79453125 0.06015625 0.10546875