10 0.6648533612399268 0.13207409739116246 0.09480448165323559 0.18179542154477707
7 0.4953448371376258 0.13696665135130098 0.0713942527304745 0.18634656615858275
8 0.7367829033944044 0.14103094087350004 0.08514768052176755 0.1333033793902994
2 0.2668981711519936 0.3515841841360048 0.0866556383672898 0.12393746974937896
3 0.35291644262201594 0.09638762402754619 0.050572692622015934 0.09872839149054777
1 0.7078600353187866 0.5412127480550923 0.1039158612399266 0.13653746369925485
9 0.28523455981387097 0.28038134982704943 0.05522383118569749 0.09250566256778665
11 0.5866516140685971 0.25362691052468317 0.06318177693097127 0.1175511143631847
11 0.3417350655694076 0.4574023920797229 0.0693772347764936 0.10821247579950324
6 0.5923845053627531 0.43328713944744435 0.06474427693097126 0.11756020472226432
0 0.439382225210328 0.45527174463724684 0.06314541549465283 0.1113011143631848
3 0.19343846613514168 0.48248472619228666 0.06766928903121974 0.08320338544042354
3 0.7674617734149299 0.4455502692305272 0.06922269867214012 0.08164997579950324
9 0.3633570981577197 0.8166637625912279 0.059838608313060426 0.0800329336450254
3 0.7210514234896847 0.7942695703619952 0.0645170179539809 0.07849770472226432
2 0.5153220356133742 0.3477950670423456 0.06314541549465283 0.11130111436318471
5 0.520446393730043 0.5571473411446466 0.061537463699254856 0.1034795240041051
4 0.5413593783101449 0.7945337116561513 0.07403746369925486 0.10355224687674217
0 0.3587685503459012 0.5651194433093869 0.07248405405833439 0.10510565651766246