7 0.4032043515755652 0.55078125 0.08202268052176756 0.1328125
11 0.5773821949597069 0.54375 0.06467155405833439 0.1046875
10 0.6587043969514967 0.421875 0.08994426483072289 0.1515625
0 0.4080822282353901 0.44921875 0.06475336729005096 0.11875
11 0.5814560957218328 0.43828125 0.06158291549465282 0.1109375
6 0.5675567013044188 0.33203125 0.058557909444528634 0.128125
3 0.6641236708574061 0.54765625 0.059874969749379045 0.0859375
9 0.4895135145361353 0.34609375 0.04583974082661797 0.090625
5 0.40926695745273883 0.25 0.060074957649130664 0.1203125
2 0.40125953561337424 0.35078125 0.06318177693097127 0.1171875
3 0.5616697947867564 0.26015625 0.04900110226293641 0.096875
4 0.48338116832332323 0.23203125 0.06504425878059869 0.16875
3 0.6327362737095175 0.25546875 0.05208974082661779 0.090625
1 0.6487203428931624 0.3171875 0.0853567587805987 0.16875
8 0.49302537567786625 0.546875 0.06465337334017515 0.1015625
2 0.4884964360809124 0.43984375 0.06158291549465282 0.1109375