3 0.7555722473677214 0.25078125 0.06146474082661797 0.090625
3 0.6738131872592628 0.33828125 0.056786331185697494 0.0921875
3 0.6742995214700223 0.2546875 0.05209883118569749 0.0921875
3 0.6771614219375606 0.165625 0.050554511903856715 0.0953125
3 0.6768755965073996 0.08046875 0.04901019262201593 0.0984375
0 0.7734399616561513 0.53671875 0.08814541549465282 0.1109375
4 0.6094153857350111 0.12734375 0.06819652985783761 0.1734375
9 0.29935860880403986 0.24453125 0.05834883118569749 0.0921875
9 0.3214386627641783 0.075 0.050572692622015934 0.0984375
9 0.37879209963065763 0.15390625 0.04742042154477701 0.09375
6 0.21829041598563217 0.21328125 0.08672836123992678 0.1359375
3 0.5092325367917245 0.42734375 0.04573065651766228 0.071875
11 0.5330841690106942 0.221875 0.055396548008210186 0.121875
7 0.6069569644848217 0.415625 0.07585449375348396 0.146875
3 0.6788718293389857 0.67734375 0.06139201795398073 0.078125
6 0.3569524193052819 0.41640625 0.07105790944452864 0.128125
9 0.4389245819712643 0.4265625 0.05049996974937905 0.0859375
9 0.4336825700674076 0.521875 0.05202610831306061 0.0796875
10 0.5172990459651067 0.51796875 0.071121541958086 0.1390625
1 0.26488763915285674 0.3953125 0.10251698770335986 0.1640625
2 0.5984626875538505 0.5328125 0.07089428298109546 0.1
3 0.49161674815328826 0.76953125 0.0551511083130606 0.0796875
0 0.24786272385459557 0.6359375 0.09276928298109555 0.1
9 0.33300988349551597 0.6375 0.058294289031219734 0.0828125
8 0.3461689345287883 0.52421875 0.07871587334017516 0.1015625
5 0.4119383385123679 0.76796875 0.07082156010845857 0.0875
9 0.3127286788714475 0.76640625 0.06137383723582168 0.075
9 0.526956367977422 0.33515625 0.04736587939029935 0.084375
8 0.5181752238545956 0.6359375 0.06929542154477701 0.09375
11 0.6947099318965095 0.775 0.0833306504675381 0.0890625
2 0.449472238292535 0.225 0.06482609016268785 0.13125
5 0.45620402732375476 0.1421875 0.05379768657189175 0.115625