11 0.50078125 0.27578125 0.0546875 0.1203125
5 0.58125 0.21484375 0.05625 0.121875
5 0.365625 0.19921875 0.0609375 0.11875
10 0.3109375 0.53828125 0.1015625 0.15
6 0.80234375 0.29296875 0.075 0.134375
7 0.571875 0.44609375 0.06875 0.1484375
0 0.421875 0.56953125 0.0609375 0.1109375
9 0.71484375 0.1546875 0.0484375 0.09375
4 0.5125 0.10703125 0.0578125 0.175
3 0.28125 0.284375 0.05625 0.0859375
0 0.7421875 0.69453125 0.0828125 0.10625
2 0.59609375 0.6890625 0.0703125 0.0984375
3 0.7859375 0.2375 0.05625 0.0890625
2 0.740625 0.37421875 0.0734375 0.1125
3 0.3 0.8046875 0.0625 0.0734375
11 0.50390625 0.57421875 0.05625 0.10625
9 0.6515625 0.22734375 0.0453125 0.0921875
6 0.56640625 0.371875 0.053125 0.1296875
8 0.34140625 0.36328125 0.075 0.11875
1 0.7421875 0.45859375 0.09375 0.165625
3 0.8125 0.59609375 0.0625 0.084375