3 0.3405300721105111 0.11994590309981686 0.04583974082661779 0.09088862041330889
5 0.2709397347764936 0.10938513212077387 0.0647715480082102 0.12224770472226436
3 0.33129194837755255 0.2776993157657993 0.04738406010845857 0.0877727107723885
3 0.3347300448849522 0.1972532916634984 0.04582156010845857 0.08776362041330894
3 0.3262822615110732 0.35657374950902065 0.05520565046753827 0.08938066256778665
0 0.25226297852997764 0.25614650263227867 0.07108518052176756 0.13322156615858277
2 0.2542112979100143 0.18819138817089806 0.07414654800821019 0.12230224687674203
3 0.4791714330558503 0.4512100595192834 0.044240879390299345 0.08462953005422928
9 0.6757272287263694 0.12892703512239487 0.04585792154477701 0.0940136204133089
3 0.31256571603694583 0.5502373910977643 0.06144656010845857 0.0878545240041051
9 0.6808419756031114 0.2023918061996337 0.04426815046753809 0.08931703005422928
4 0.22357541802873562 0.4278487858097659 0.10864881303532484 0.1443772347764936
9 0.6883504694547914 0.284463962815492 0.04894656010845857 0.0877818011314682
0 0.21640378834384869 0.5379595840143678 0.09127950585373253 0.11302724082661779
6 0.763972638170898 0.25756109523085347 0.07577268052176755 0.13324883723582168
11 0.7506590510332722 0.11764462235821652 0.0647715480082102 0.12224770472226432
9 0.6934879422292324 0.36183498389273083 0.05050906010845857 0.08779089149054772
3 0.30225999599297926 0.6587675085842071 0.056704517953980904 0.07845225292686635
3 0.28808438738533115 0.7735249001729506 0.0629454275949013 0.07692611436318461
9 0.7065515444921687 0.4587827067653677 0.05363406010845857 0.08780907220870696
9 0.628967420857406 0.5512969388113869 0.050454517953980905 0.07841589149054773
2 0.3867299238824681 0.5412941831540461 0.0693772347764936 0.10821247579950324
7 0.78549363504764 0.3311213150784283 0.10094539734428025 0.16308178298109555
8 0.7604203912941561 0.18410541451269422 0.07259313836728971 0.12385565651766237
10 0.8118612132082754 0.43205255600324194 0.11350902985783762 0.17409200585373252
9 0.7186707911725191 0.661971339278925 0.05830337939029935 0.08471134328594587
5 0.18650370666717192 0.7698090268327755 0.09272383118569741 0.09272383118569749
9 0.7326020018467118 0.7737673573311019 0.05982042759490121 0.07690793364502539
11 0.8365355229239505 0.7790593662098965 0.09742951190385654 0.09587610226293623
8 0.8217185231203423 0.64929005297818 0.09746587334017498 0.10212610226293642
1 0.22614136094533915 0.33177321652792513 0.09784766842151908 0.16775110226293632
6 0.8046804931643088 0.5406008542078439 0.08661018657189175 0.11612496974937905