0 0.2625 0.52734375 0.0796875 0.11484375
0 0.23515625 0.7484375 0.0890625 0.09453125
3 0.35625 0.53828125 0.0578125 0.0875
3 0.34765625 0.64609375 0.05546875 0.08046875
2 0.4296875 0.5296875 0.0640625 0.10625
3 0.5171875 0.43515625 0.04140625 0.08203125
1 0.3421875 0.409375 0.08125 0.15390625
3 0.36484375 0.34375 0.05 0.08515625
5 0.3046875 0.09296875 0.06171875 0.12265625
5 0.4203125 0.75703125 0.06640625 0.09296875
3 0.36875 0.18515625 0.04296875 0.090625
4 0.43671875 0.14609375 0.059375 0.16796875
2 0.290625 0.17265625 0.0671875 0.12265625
3 0.3734375 0.103125 0.040625 0.0921875
3 0.52421875 0.76015625 0.05 0.078125
3 0.3671875 0.26484375 0.04375 0.0875
6 0.7609375 0.6234375 0.0765625 0.11015625
9 0.74921875 0.4375 0.05546875 0.08046875
9 0.7296875 0.2640625 0.0515625 0.0890625
9 0.684375 0.63671875 0.0515625 0.08359375
7 0.83125 0.30859375 0.10703125 0.16328125
9 0.67109375 0.53515625 0.05078125 0.07734375
6 0.80703125 0.24140625 0.07421875 0.128125
9 0.71171875 0.10703125 0.0453125 0.09296875
9 0.73671875 0.3453125 0.05234375 0.0875
9 0.71875 0.1796875 0.0453125 0.09140625
11 0.78984375 0.09453125 0.065625 0.1203125
9 0.6984375 0.7609375 0.0546875 0.075
11 0.8875 0.76484375 0.0984375 0.0953125
8 0.871875 0.63828125 0.10078125 0.1
8 0.8015625 0.1578125 0.07578125 0.128125
10 0.58515625 0.30234375 0.07265625 0.1671875