11 0.49296875 0.2786492582896194 0.05 0.11904089149054772
5 0.57109375 0.21582252624360027 0.0515625 0.11904998184962742
5 0.35546875 0.20597430669061306 0.05625 0.11595225292686617
10 0.3125 0.5463493218159237 0.096875 0.14743860226293642
6 0.7953125 0.2874394927715255 0.071875 0.13166815651766245
7 0.5703125 0.4470679810640604 0.0625 0.1472386143631848
0 0.42421875 0.5743430324901162 0.0578125 0.10971134328594587
9 0.70234375 0.15174236640628816 0.04375 0.09400453005422929
4 0.4984375 0.10993107454639806 0.0515625 0.1737374818496274
3 0.27421875 0.2937828580184729 0.053125 0.08468407220870695
0 0.7484375 0.6902917819991369 0.078125 0.1035795179539809
2 0.60234375 0.6894418334251926 0.0671875 0.09726588544042354
3 0.7765625 0.23186165846257004 0.053125 0.08780907220870696
2 0.7359375 0.36990655912649995 0.06875 0.10977497579950315
3 0.3109375 0.8135277314568439 0.059375 0.0722204336450254
11 0.50625 0.5771640263417961 0.053125 0.10343407220870696
9 0.6421875 0.22561113758172285 0.040625 0.09086134933607007
6 0.56171875 0.3727992340891226 0.05 0.12841589149054772
8 0.33671875 0.3707089723816576 0.0703125 0.11603406615858276
1 0.740625 0.4543088302037388 0.0875 0.16300906010845856
3 0.815625 0.5899014174395605 0.059375 0.08159543364502539