4 0.5484375 0.1078125 0.05078125 0.1890625
1 0.70859375 0.2234375 0.075 0.19609375
0 0.40625 0.25859375 0.0515625 0.1515625
5 0.54609375 0.2625 0.04609375 0.121875
0 0.4796875 0.33046875 0.05078125 0.15234375
3 0.7859375 0.35078125 0.0578125 0.10625
3 0.6796875 0.140625 0.04140625 0.096875
6 0.625 0.3359375 0.05546875 0.14609375
7 0.55 0.5953125 0.07265625 0.1734375
3 0.246875 0.3546875 0.0515625 0.09375
10 0.759375 0.59765625 0.1125 0.18046875
9 0.41484375 0.1421875 0.0375 0.0953125
3 0.3703125 0.76015625 0.0609375 0.09765625
11 0.384375 0.3484375 0.059375 0.128125
2 0.3046875 0.4296875 0.0703125 0.13125
9 0.31015625 0.52578125 0.05234375 0.0890625
2 0.55546875 0.4203125 0.0578125 0.13125
11 0.6421875 0.5125 0.0625 0.128125
8 0.84609375 0.61796875 0.1015625 0.13046875