10 0.6703125 0.1390625 0.090625 0.1796875
7 0.50078125 0.13984375 0.0671875 0.1859375
8 0.7421875 0.14921875 0.08125 0.13125
2 0.2671875 0.3484375 0.084375 0.121875
3 0.359375 0.09609375 0.0484375 0.0984375
1 0.70390625 0.54921875 0.1 0.134375
9 0.2875 0.278125 0.053125 0.090625
11 0.5890625 0.25859375 0.0609375 0.1171875
11 0.33984375 0.45625 0.0671875 0.10625
6 0.590625 0.43828125 0.0625 0.1171875
0 0.4375 0.45703125 0.0609375 0.109375
3 0.19140625 0.478125 0.065625 0.08125
3 0.765625 0.4546875 0.0671875 0.0796875
9 0.353125 0.81640625 0.0578125 0.078125
3 0.71171875 0.80234375 0.0640625 0.078125
2 0.515625 0.35078125 0.059375 0.1109375
5 0.51640625 0.56015625 0.059375 0.1015625
4 0.53125 0.7984375 0.071875 0.1015625
0 0.3546875 0.56484375 0.0703125 0.103125