8 0.77890625 0.20078125 0.08125 0.1328125
3 0.775 0.4921875 0.06875 0.084375
3 0.21171875 0.45625 0.065625 0.0859375
3 0.68828125 0.825 0.065625 0.0796875
4 0.5109375 0.796875 0.075 0.1125
0 0.4546875 0.459375 0.0671875 0.11875
0 0.3625 0.55234375 0.0734375 0.1125
1 0.7046875 0.57421875 0.1015625 0.1453125
6 0.328125 0.1765625 0.0765625 0.140625
10 0.7125 0.1796875 0.0890625 0.1765625
3 0.41640625 0.1125 0.0515625 0.0953125
6 0.60625 0.4546875 0.0640625 0.125
9 0.39921875 0.28046875 0.05 0.090625
2 0.29765625 0.34375 0.0796875 0.1140625
11 0.62109375 0.28828125 0.0625 0.1203125
11 0.35859375 0.4484375 0.0734375 0.1125
7 0.5484375 0.1640625 0.0703125 0.184375
5 0.4765625 0.18515625 0.0546875 0.1109375
5 0.790625 0.69609375 0.0921875 0.1046875
9 0.33359375 0.80390625 0.0609375 0.078125
2 0.47265625 0.2625 0.0625 0.128125