3 0.2398790696746242 0.2639044604778009 0.05833065046753827 0.08939884328594587
3 0.22081493140553032 0.4520811713483853 0.05990224082661779 0.0909704336450254
0 0.3084240157144857 0.4338402314568439 0.06947722872636941 0.12539997579950324
3 0.3260079880961433 0.09721238504764011 0.04429542154477702 0.09400453005422929
3 0.32237847316722457 0.18391295432948088 0.04742042154477701 0.09402271077238855
4 0.39291823214421495 0.14525952048806365 0.06349084913967831 0.1706761143631847
6 0.7767341750608185 0.24358949882164965 0.07890677088084708 0.1348295179539809
9 0.5513245880213885 0.4469725322937245 0.04735678903121965 0.08308521077238851
9 0.6192852894240032 0.18017137255460822 0.044313602262936416 0.09712953005422928
7 0.3818842416121847 0.4303612283335859 0.07273858411256366 0.14885565651766228
10 0.46800302791292997 0.5339907432625047 0.06644313231716552 0.14100679508134384
1 0.6348824974659173 0.3193293213249442 0.07283857806243947 0.16604315651766247
9 0.6798869670189045 0.10395885137917352 0.04744769262201594 0.09871021077238851
3 0.475556973560008 0.4441878998783631 0.04262383723582168 0.07524543969514959
3 0.2951826305686497 0.6954908037637468 0.056695427594901204 0.07688975292686617
0 0.7321104588274809 0.6620940591264999 0.08650110226293624 0.09737496974937905
5 0.5625923234852532 0.7931435503459012 0.06613406010845857 0.08788179508134401
3 0.48057470902387267 0.7903225564942213 0.050454517953980905 0.07841589149054791
2 0.5828598925707024 0.6666946798343965 0.06931360226293641 0.09727497579950324
3 0.3218875937769252 0.2682879543294809 0.048982921544777014 0.09403180113146821
9 0.46591432884800643 0.35584756254434546 0.04580337939029935 0.08463862041330898
9 0.6626014138443328 0.7921628333269968 0.056686337235821685 0.07532725292686618
9 0.3805565283057134 0.7928657735131257 0.05666815651766237 0.07220225292686618
11 0.27510141384433284 0.7899084242752517 0.08332156010845856 0.08798178903121982
9 0.6953114582383058 0.2728043001495095 0.05207156010845857 0.08779998184962742
11 0.4642205395221991 0.2441151770057261 0.05069086729005097 0.11904089149054772
8 0.2890331453993727 0.5438873971478886 0.0834488251355733 0.10985678903121965
2 0.5470103136245 0.2485032160369458 0.058557909444528634 0.12846134328594588
5 0.5435767622966401 0.1672304901392468 0.050672686571891744 0.11591589149054773
6 0.632610949457707 0.44119523096586466 0.06324540944452864 0.1284886143631848
8 0.6398053050402931 0.5474906827612627 0.07560905405833437 0.10512383723582168
9 0.6461729588274809 0.661594089377121 0.05359769867214013 0.08155907220870695