0 0.365625 0.465625 0.06484375 0.125
5 0.44296875 0.3765625 0.0515625 0.10859375
3 0.3 0.29765625 0.05546875 0.08671875
3 0.37734375 0.30390625 0.04453125 0.08515625
6 0.59453125 0.375 0.05078125 0.13203125
5 0.59453125 0.2125 0.04921875 0.115625
11 0.515625 0.27734375 0.04765625 0.11875
3 0.38046875 0.225 0.0421875 0.09140625
1 0.771875 0.45 0.09296875 0.1578125
2 0.7015625 0.58046875 0.075 0.1046875
0 0.784375 0.6875 0.0859375 0.10625
3 0.80234375 0.2296875 0.05703125 0.090625
6 0.82109375 0.284375 0.07890625 0.13671875
4 0.52109375 0.109375 0.0515625 0.16953125
8 0.28984375 0.37421875 0.07734375 0.11953125
3 0.85078125 0.58671875 0.06484375 0.08125
10 0.51875 0.55859375 0.06015625 0.1421875
2 0.6359375 0.69375 0.07109375 0.10078125
9 0.665625 0.2234375 0.04296875 0.090625
7 0.3109375 0.10703125 0.07421875 0.1796875
9 0.725 0.15234375 0.04609375 0.09296875
3 0.53359375 0.815625 0.0515625 0.0765625
8 0.51640625 0.45703125 0.053125 0.09140625
11 0.33203125 0.8078125 0.07890625 0.096875