3 0.22807850644290767 0.2752262172152962 0.06303633118569749 0.09255111436318471
3 0.2183848229942739 0.4643387141902341 0.0645988311856975 0.09256020472226431
0 0.3052399283804682 0.4403966992613153 0.07574540944452864 0.1285613372358217
3 0.3048596959416656 0.10291033479993472 0.048992011903856714 0.09559430113146812
3 0.3059176810127468 0.18961999444085512 0.052117011903856716 0.09561248184962742
4 0.3741318707078965 0.14703706382089174 0.07288402985783762 0.1738556565176624
6 0.762753488292535 0.22055481441006694 0.085184041958086 0.13955337939029935
9 0.5482177687395479 0.4374206484244347 0.052053379390299345 0.08467498184962743
9 0.6021296056807819 0.16758487139526757 0.04901019262201593 0.09871930113146817
7 0.3779416301758663 0.4321614975641131 0.07900676483072289 0.1520170179539809
10 0.46955643755385035 0.5300626663784156 0.07272040339440444 0.1457306565176623
1 0.6247671540817755 0.3049485160090733 0.08066925878059869 0.1692136083130605
9 0.6588432139938424 0.08757011846840132 0.052144282981095455 0.10029998184962738
3 0.4724228832009284 0.4402052808397962 0.0457579275949012 0.07682612041330898
3 0.30527979323463217 0.7021063589022357 0.06140110831306043 0.0800420240041051
0 0.7399956817001179 0.6409854890781019 0.09121587334017515 0.10208974082661779
5 0.5774587993829523 0.7825513412428424 0.07083974082661779 0.09103406615858275
3 0.4954184590238727 0.7845910850945224 0.0551511083130606 0.08000566256778648
2 0.5914809136479411 0.6551303231906657 0.07558178298109546 0.10043633723582168
3 0.31011430162244746 0.27396772336361624 0.05368860226293633 0.09718407220870695
9 0.4580927384889268 0.35201038925105255 0.05049996974937905 0.08622839149054773
9 0.6774997059988106 0.7749383082617468 0.0613920179539809 0.07847952400410527
9 0.3961497120489348 0.793762072896078 0.05981133723582168 0.0753454336450254
11 0.29066278133077555 0.7975006721339521 0.0880363311856975 0.09269656010845857
9 0.6828705455723233 0.2546121727231275 0.056777240826617795 0.09095225292686618
11 0.45092565398357964 0.24111834104645066 0.055396548008210186 0.12219316256778665
8 0.2913132628858153 0.5514114673134921 0.08971700585373252 0.11301815046753809
2 0.5337426991631193 0.23985530201523092 0.06482609016268803 0.1316227047222643
5 0.5256171026557197 0.15943654899016882 0.05536927693097127 0.1175056625677866
6 0.6295268560735654 0.42679169975229464 0.07107609016268804 0.13165906615858275
8 0.6421945068356911 0.5321831817001179 0.0803147347764936 0.1082761083130606
9 0.654030910622879 0.6461729588274809 0.05830337939029935 0.08471134328594587