6 0.2862925448849522 0.1953125 0.06798745159900639 0.1375
3 0.7457685805965222 0.48125 0.06299087939029935 0.084375
4 0.5068317829810954 0.1 0.05722266842151917 0.1671875
9 0.31883493851679934 0.8203125 0.059838608313060516 0.0796875
3 0.36716074980360824 0.1296875 0.04428633118569749 0.0921875
2 0.2599078277678519 0.36015625 0.06940450585373244 0.1125
3 0.17443900214129932 0.575 0.06452610831306052 0.0796875
0 0.23831567066101428 0.67734375 0.08495678298109555 0.1
0 0.5697333214231401 0.571875 0.0584488251355733 0.109375
3 0.6805627788758789 0.821875 0.06137383723582168 0.075
11 0.49240320696175954 0.57421875 0.056868144417413904 0.10625
5 0.5821186501729507 0.28359375 0.05536927693097127 0.1171875
11 0.4279311199223296 0.36953125 0.05691359621281222 0.1140625
9 0.36030728268650797 0.29453125 0.04582156010845857 0.0875
8 0.7316004997054124 0.19453125 0.07575449980360834 0.1296875
7 0.3306839360809124 0.43984375 0.089871541958086 0.1390625
6 0.5752788185944697 0.45078125 0.05699540944452863 0.128125
10 0.49919005902830416 0.80078125 0.07261131908544911 0.1265625
2 0.42972490319801276 0.275 0.06009313836728971 0.1234375
5 0.4347482256031114 0.1984375 0.04908291549465282 0.1109375
1 0.33138389373004296 0.56015625 0.08680108411256367 0.1484375