9 0.715625 0.2375 0.05078125 0.103125
7 0.4875 0.10546875 0.0640625 0.2109375
3 0.8296875 0.42734375 0.0640625 0.0953125
2 0.7390625 0.3078125 0.0765625 0.13515625
11 0.66640625 0.40625 0.06640625 0.1234375
10 0.315625 0.1125 0.08359375 0.1953125
0 0.65234375 0.51328125 0.06953125 0.13203125
3 0.63203125 0.06796875 0.04609375 0.10859375
0 0.559375 0.41015625 0.0578125 0.1375
9 0.66640625 0.78671875 0.05859375 0.08515625
3 0.27578125 0.78125 0.071875 0.084375
5 0.48125 0.521875 0.0609375 0.1234375
2 0.475 0.3140625 0.06171875 0.13984375
8 0.246875 0.13828125 0.0796875 0.1453125
3 0.21484375 0.4296875 0.0609375 0.0921875
1 0.27578125 0.50546875 0.11171875 0.17578125
4 0.46640625 0.75546875 0.08046875 0.14375
6 0.39765625 0.39765625 0.06640625 0.1515625
11 0.39921875 0.2328125 0.0625 0.13359375