10 0.3171875 0.1453125 0.08515625 0.17734375
7 0.48671875 0.13984375 0.0609375 0.18359375
8 0.24609375 0.1578125 0.07734375 0.12890625
2 0.72734375 0.340625 0.0796875 0.11953125
3 0.6265625 0.09140625 0.0453125 0.096875
1 0.29765625 0.55625 0.09609375 0.13125
9 0.7046875 0.27109375 0.05 0.0890625
11 0.40234375 0.26171875 0.05625 0.11484375
11 0.65859375 0.45078125 0.0640625 0.10390625
6 0.40703125 0.44140625 0.0578125 0.11484375
0 0.5609375 0.4546875 0.05703125 0.1078125
3 0.8078125 0.4671875 0.0625 0.07890625
3 0.2328125 0.4640625 0.06484375 0.078125
9 0.6578125 0.8109375 0.05546875 0.0765625
3 0.29921875 0.809375 0.0609375 0.07578125
2 0.47890625 0.3515625 0.05625 0.10859375
5 0.4859375 0.5609375 0.05546875 0.1
4 0.47890625 0.79921875 0.06796875 0.1
0 0.64765625 0.559375 0.0671875 0.1015625