7 0.3984375 0.54765625 0.07734375 0.1296875
11 0.57265625 0.54609375 0.0609375 0.103125
10 0.65859375 0.42734375 0.084375 0.1484375
0 0.40703125 0.44609375 0.059375 0.1171875
11 0.58125 0.44140625 0.0578125 0.10859375
6 0.57109375 0.334375 0.053125 0.1265625
3 0.659375 0.553125 0.05625 0.08359375
9 0.49296875 0.34609375 0.04296875 0.08984375
5 0.41640625 0.246875 0.05546875 0.11796875
2 0.4046875 0.34765625 0.05859375 0.115625
3 0.56875 0.2625 0.04453125 0.0953125
4 0.49140625 0.23125 0.0578125 0.1671875
3 0.63984375 0.26015625 0.04921875 0.08828125
1 0.653125 0.32265625 0.07890625 0.16640625
8 0.48828125 0.546875 0.0609375 0.09921875
2 0.48828125 0.4390625 0.0578125 0.10859375