3 0.33359375 0.12109375 0.04296875 0.090625
5 0.26328125 0.11171875 0.06171875 0.12109375
3 0.32578125 0.27890625 0.04609375 0.0859375
3 0.328125 0.1984375 0.04375 0.0875
3 0.321875 0.3578125 0.053125 0.08828125
0 0.246875 0.259375 0.06875 0.13125
2 0.24765625 0.19140625 0.071875 0.12109375
3 0.47578125 0.44921875 0.0421875 0.08359375
9 0.66875 0.121875 0.04296875 0.09375
3 0.31015625 0.5515625 0.059375 0.08671875
9 0.67421875 0.1953125 0.0421875 0.0890625
4 0.21953125 0.43125 0.10546875 0.14140625
9 0.6828125 0.27734375 0.04765625 0.08671875
0 0.2140625 0.54140625 0.0890625 0.11171875
6 0.7578125 0.2484375 0.07265625 0.13125
11 0.74296875 0.10859375 0.06171875 0.1203125
9 0.6890625 0.3546875 0.0484375 0.0859375
3 0.3015625 0.66015625 0.05546875 0.07734375
3 0.28828125 0.77578125 0.0609375 0.075
9 0.703125 0.45078125 0.05234375 0.0859375
9 0.6265625 0.5453125 0.0484375 0.0765625
2 0.384375 0.54140625 0.0671875 0.10625
7 0.78046875 0.321875 0.09765625 0.1609375
8 0.75390625 0.175 0.0703125 0.12265625
10 0.8078125 0.421875 0.11015625 0.171875
9 0.7171875 0.65390625 0.05703125 0.0828125
5 0.18671875 0.77421875 0.08984375 0.09140625
9 0.7328125 0.765625 0.0578125 0.075
11 0.83671875 0.76875 0.0953125 0.09296875
8 0.8203125 0.6390625 0.0953125 0.09921875
1 0.22109375 0.33515625 0.09453125 0.16484375
6 0.80234375 0.53046875 0.08359375 0.1140625