4 0.56875 0.1109375 0.0609375 0.1921875
1 0.72265625 0.234375 0.0859375 0.2
0 0.41875 0.25390625 0.059375 0.1546875
5 0.55859375 0.265625 0.053125 0.1234375
0 0.48828125 0.3296875 0.059375 0.1546875
3 0.79296875 0.365625 0.0640625 0.109375
3 0.6984375 0.15078125 0.046875 0.0984375
6 0.63359375 0.34296875 0.0625 0.1484375
7 0.5453125 0.59765625 0.08125 0.1765625
3 0.2546875 0.34140625 0.05625 0.096875
10 0.75390625 0.6109375 0.121875 0.1859375
9 0.43359375 0.13828125 0.0421875 0.096875
3 0.35703125 0.753125 0.065625 0.1
11 0.3921875 0.34296875 0.065625 0.13125
2 0.30859375 0.41953125 0.0765625 0.134375
9 0.309375 0.515625 0.05625 0.0921875
2 0.559375 0.4234375 0.0640625 0.134375
11 0.64140625 0.5203125 0.06875 0.13125
8 0.8390625 0.6359375 0.1078125 0.1359375