3 0.24140625 0.2625 0.0578125 0.0890625
3 0.2234375 0.45078125 0.059375 0.08984375
0 0.3109375 0.43203125 0.06875 0.12421875
3 0.3265625 0.0953125 0.04375 0.09375
3 0.3234375 0.18203125 0.04609375 0.09296875
4 0.39375 0.14296875 0.0625 0.1703125
6 0.778125 0.2390625 0.078125 0.13515625
9 0.55390625 0.44375 0.046875 0.0828125
9 0.6203125 0.1765625 0.04375 0.09609375
7 0.384375 0.428125 0.07109375 0.1484375
10 0.47109375 0.53125 0.06484375 0.14140625
1 0.63671875 0.315625 0.07109375 0.16484375
9 0.68046875 0.1 0.046875 0.0984375
3 0.478125 0.44140625 0.0421875 0.075
3 0.29921875 0.69375 0.05703125 0.0765625
0 0.7359375 0.6578125 0.0859375 0.096875
5 0.5671875 0.78984375 0.065625 0.08671875
3 0.48515625 0.7875 0.05 0.07734375
2 0.58671875 0.66328125 0.06953125 0.09609375
3 0.3234375 0.26640625 0.0484375 0.09375
9 0.46796875 0.353125 0.0453125 0.084375
9 0.6671875 0.78828125 0.05703125 0.075
9 0.38515625 0.790625 0.05546875 0.071875
11 0.2796875 0.78828125 0.0828125 0.08828125
9 0.696875 0.26875 0.0515625 0.0875
11 0.465625 0.24140625 0.04921875 0.11953125
8 0.2921875 0.5421875 0.0828125 0.10859375
2 0.5484375 0.2453125 0.0578125 0.128125
5 0.54453125 0.1640625 0.04921875 0.11484375
6 0.63515625 0.4375 0.06328125 0.128125
8 0.64296875 0.54375 0.07421875 0.1046875
9 0.65 0.6578125 0.053125 0.08203125