11 0.49296875 0.27578125 0.05 0.11796875
5 0.57109375 0.2125 0.0515625 0.11953125
5 0.35546875 0.20390625 0.05703125 0.11640625
10 0.3125 0.54453125 0.09609375 0.14609375
6 0.7953125 0.2828125 0.07109375 0.13203125
7 0.5703125 0.44375 0.06328125 0.146875
0 0.42421875 0.571875 0.0578125 0.109375
9 0.70234375 0.14765625 0.04453125 0.09296875
4 0.4984375 0.10703125 0.0515625 0.1734375
3 0.27421875 0.2921875 0.05390625 0.08359375
0 0.7484375 0.6859375 0.07890625 0.103125
2 0.60234375 0.6859375 0.0671875 0.096875
3 0.7765625 0.22734375 0.053125 0.08671875
2 0.7359375 0.365625 0.06953125 0.11015625
3 0.3109375 0.81171875 0.06015625 0.07109375
11 0.50625 0.57421875 0.053125 0.10390625
9 0.6421875 0.221875 0.04140625 0.09140625
6 0.56171875 0.36953125 0.04921875 0.128125
8 0.33671875 0.36875 0.0703125 0.115625
1 0.740625 0.45 0.08828125 0.1625
3 0.815625 0.58515625 0.059375 0.08203125