8 0.2494692557555366 0.17878911709365922 0.07575449980360834 0.1301238372358217
3 0.23007085772388533 0.47007264724608433 0.06453519867214012 0.08162270472226432
3 0.7934248305965224 0.48584972169428653 0.06141928903121965 0.0831670240041051
3 0.2890701704646226 0.8086856953524905 0.0613829275949012 0.07691702400410491
4 0.4679036975919856 0.7972265414671066 0.0693863251355733 0.10977497579950324
0 0.5511327914671067 0.46647196603694585 0.061619276930971266 0.1175420240041051
0 0.636094119627742 0.5677440954272452 0.0693863251355733 0.10977497579950324
1 0.2930753726528041 0.5571550116092692 0.0961306323171656 0.14117951190385652
6 0.700336864166793 0.19625543568812892 0.06954995159900648 0.13789997579950314
10 0.31735164734428023 0.1643407977136226 0.08068743949875792 0.17233860831306053
3 0.6171152980082102 0.1254611466569092 0.04741133118569749 0.0924602107723885
6 0.40025154751723085 0.44840724638576274 0.05853063836728989 0.12377384328594587
9 0.6212220567888089 0.2942293273750684 0.04583065046753827 0.0893261204133089
2 0.7169527133064714 0.36665883927892506 0.0756363251355733 0.10981133723582168
11 0.39927887909571175 0.28121974638576275 0.05694086729005097 0.11907725292686618
11 0.6479941559284873 0.4646918182998821 0.0693863251355733 0.10977497579950324
7 0.4821908521647404 0.16451858059652227 0.062001072012315285 0.1831670240041051
5 0.5518766382690939 0.19148560157556524 0.0506363251355733 0.10966589149054777
5 0.1968639688656162 0.6706539093463328 0.08808178298109555 0.10050906010845857
9 0.6438167577986401 0.8209054568635636 0.056686337235821685 0.07532725292686634
2 0.549201611043535 0.268811170857406 0.056977228726369414 0.12532725292686617