6 0.7203125 0.19921875 0.0640625 0.1359375
3 0.25703125 0.47734375 0.06171875 0.0828125
4 0.50078125 0.1 0.053125 0.165625
9 0.68046875 0.8234375 0.05859375 0.07890625
3 0.63984375 0.13203125 0.0421875 0.0921875
2 0.74453125 0.3640625 0.06640625 0.11171875
3 0.82734375 0.58046875 0.0625 0.078125
0 0.7625 0.68203125 0.08203125 0.09921875
0 0.43203125 0.5703125 0.05625 0.10859375
3 0.31875 0.81875 0.059375 0.07421875
11 0.509375 0.57421875 0.05390625 0.1046875
5 0.4234375 0.28203125 0.053125 0.11640625
11 0.5765625 0.37109375 0.0546875 0.11328125
9 0.6453125 0.296875 0.04375 0.0875
8 0.275 0.190625 0.07265625 0.12890625
7 0.67265625 0.44296875 0.0859375 0.13828125
6 0.428125 0.44921875 0.0546875 0.1265625
10 0.5 0.80078125 0.06953125 0.125
2 0.57578125 0.2765625 0.0578125 0.12265625
5 0.571875 0.2 0.046875 0.11015625
1 0.67109375 0.56328125 0.0828125 0.146875