0 0.36450584407151276 0.4609375 0.06948631908544903 0.1265625
5 0.4454745638208918 0.375 0.05533291549465282 0.1109375
3 0.30534044321119114 0.290625 0.05833065046753827 0.0890625
3 0.3826296510567134 0.3 0.04737496974937896 0.0859375
6 0.5970188831027325 0.378125 0.05546927088084708 0.134375
5 0.6034330304470128 0.215625 0.053806776930971266 0.1171875
11 0.521819416083828 0.278125 0.052262457649130664 0.1203125
3 0.38855746419023407 0.22109375 0.0458488311856974 0.0921875
1 0.7707649344305925 0.459375 0.09937380698520074 0.1609375
2 0.6950195249860638 0.5875 0.07875223477649378 0.1078125
0 0.7732849046709507 0.69765625 0.0896988251355733 0.109375
3 0.8103188347017388 0.240625 0.06147383118569749 0.0921875
6 0.8264023769544124 0.29609375 0.085184041958086 0.1390625
4 0.533734129684887 0.11015625 0.05881243949875792 0.171875
8 0.29239501561628983 0.3671875 0.08195904800821019 0.121875
3 0.8441700972929667 0.59921875 0.06766928903121965 0.0828125
10 0.5131519014494967 0.559375 0.06646131303532492 0.14375
2 0.6248428594914109 0.6984375 0.07559996369925485 0.103125
9 0.6736637172152962 0.2296875 0.04741133118569749 0.0921875
7 0.32441367183936465 0.10078125 0.08075107201231528 0.1828125
9 0.7357869881943392 0.16015625 0.050545421544777015 0.09375
3 0.5179065373808998 0.81640625 0.0551420179539809 0.078125
8 0.5153052747896719 0.4578125 0.056795421544777014 0.09375
11 0.3164303957921561 0.8015625 0.08339428298109555 0.1