9 0.275 0.2453125 0.0546875 0.1046875
7 0.4984375 0.10546875 0.071875 0.2109375
3 0.16796875 0.4390625 0.0671875 0.096875
2 0.2546875 0.31640625 0.08125 0.1375
11 0.33046875 0.4125 0.0703125 0.125
10 0.67109375 0.10625 0.090625 0.1984375
0 0.3484375 0.51875 0.0734375 0.134375
3 0.353125 0.07265625 0.05 0.109375
0 0.4375 0.4125 0.0625 0.1390625
9 0.34375 0.7921875 0.0609375 0.0875
3 0.73359375 0.7734375 0.075 0.0875
5 0.51953125 0.52109375 0.065625 0.125
2 0.51875 0.31328125 0.0671875 0.1421875
8 0.740625 0.1296875 0.084375 0.1484375
3 0.7828125 0.41953125 0.0640625 0.09375
1 0.72421875 0.49765625 0.1171875 0.1796875
4 0.5421875 0.75390625 0.0859375 0.146875
6 0.5984375 0.39453125 0.071875 0.153125
11 0.59140625 0.2296875 0.0671875 0.1359375