0 0.36210755191703503 0.4703125 0.06948631908544903 0.1265625
5 0.4368580879231927 0.37890625 0.05533291549465282 0.1109375
3 0.2911961299794745 0.3046875 0.05833065046753827 0.0890625
3 0.3685171540817755 0.30859375 0.04737496974937896 0.0859375
6 0.587680244539051 0.371875 0.05546927088084708 0.134375
5 0.5831568918833312 0.209375 0.053806776930971266 0.1171875
11 0.5062035064429077 0.2765625 0.052262457649130664 0.1203125
3 0.36975746721529623 0.2296875 0.04584883118569749 0.0921875
1 0.7677490187395477 0.440625 0.09937380698520074 0.1609375
2 0.7005700882177803 0.5734375 0.0787522347764936 0.1078125
0 0.7866843293389858 0.67734375 0.0896988251355733 0.109375
3 0.7916915545493136 0.21953125 0.06147383118569749 0.0921875
6 0.8116904371610669 0.2734375 0.085184041958086 0.1390625
4 0.5071807200439665 0.10859375 0.05881243949875792 0.171875
8 0.2837194523845733 0.38125 0.08195904800821019 0.121875
3 0.8505655430382404 0.57421875 0.06766928903121965 0.0828125
10 0.5178484918085765 0.5578125 0.06646131303532492 0.14375
2 0.6389599016458887 0.6890625 0.07559996369925485 0.103125
9 0.6549818949083933 0.21796875 0.04741133118569749 0.0921875
7 0.2969926537871879 0.1140625 0.08075107201231528 0.1828125
9 0.7116591417851353 0.14453125 0.050545421544777015 0.09375
3 0.5397951729195192 0.8140625 0.05514201795398073 0.078125
8 0.5121893651487517 0.45625 0.056795421544777014 0.09375
11 0.338237218099059 0.81328125 0.08339428298109555 0.1