4 0.425 0.17109375 0.0640625 0.178125
5 0.28828125 0.1140625 0.0640625 0.1296875
0 0.26953125 0.26640625 0.06875 0.1453125
1 0.32265625 0.43984375 0.0890625 0.1625
10 0.57578125 0.33359375 0.075 0.171875
3 0.359375 0.12734375 0.04375 0.096875
3 0.35078125 0.2890625 0.0484375 0.0921875
0 0.22578125 0.559375 0.0890625 0.11875
3 0.353125 0.20625 0.0453125 0.096875
3 0.34453125 0.371875 0.0515625 0.090625
3 0.5015625 0.4703125 0.0453125 0.0875
2 0.27109375 0.1921875 0.0734375 0.13125
3 0.33046875 0.57421875 0.0625 0.09375
3 0.31875 0.6875 0.0578125 0.0859375
7 0.82578125 0.35078125 0.1109375 0.165625
6 0.8015625 0.27578125 0.08125 0.1390625
2 0.409375 0.565625 0.06875 0.1140625
9 0.7125 0.21640625 0.0484375 0.0953125
9 0.70546875 0.14296875 0.0484375 0.0984375
11 0.784375 0.13203125 0.06875 0.125
3 0.5015625 0.8109375 0.0515625 0.0796875
9 0.72265625 0.3 0.05625 0.0921875
9 0.73828125 0.47734375 0.059375 0.084375
9 0.659375 0.57890625 0.0546875 0.08125
9 0.728125 0.38359375 0.0546875 0.090625
6 0.75234375 0.6734375 0.0828125 0.1109375
9 0.671875 0.68359375 0.05625 0.0875
8 0.79609375 0.1984375 0.08125 0.13125
9 0.68828125 0.81640625 0.059375 0.078125
11 0.8796875 0.82109375 0.10625 0.1
8 0.8640625 0.6890625 0.1078125 0.10625
5 0.19375 0.80703125 0.096875 0.1015625