0 0.7359375 0.53984375 0.0859375 0.11875
0 0.7515625 0.76171875 0.09375 0.0984375
3 0.64140625 0.54609375 0.0625 0.090625
3 0.64453125 0.65390625 0.059375 0.0828125
2 0.56875 0.53359375 0.0703125 0.109375
3 0.4859375 0.434375 0.0453125 0.084375
1 0.6625 0.41796875 0.0890625 0.1578125
3 0.64296875 0.35078125 0.0546875 0.0875
5 0.71640625 0.10390625 0.06875 0.125
5 0.56640625 0.7609375 0.071875 0.096875
3 0.64765625 0.1921875 0.046875 0.0921875
4 0.58203125 0.15 0.06875 0.1703125
2 0.7265625 0.184375 0.0734375 0.1265625
3 0.646875 0.11015625 0.0453125 0.09375
3 0.4625 0.75859375 0.0546875 0.08125
3 0.6453125 0.271875 0.0484375 0.0890625
6 0.2328125 0.609375 0.0828125 0.1140625
9 0.2546875 0.42421875 0.059375 0.0828125
9 0.2828125 0.25234375 0.05625 0.0921875
9 0.30859375 0.6265625 0.05625 0.0859375
7 0.17890625 0.29140625 0.115625 0.16875
9 0.32734375 0.52578125 0.0546875 0.0796875
6 0.20703125 0.22578125 0.08125 0.13125
9 0.309375 0.096875 0.05 0.0953125
9 0.271875 0.3328125 0.05625 0.090625
9 0.2984375 0.16875 0.05 0.09375
11 0.23203125 0.0796875 0.071875 0.1234375
9 0.28828125 0.75 0.0578125 0.078125
11 0.09921875 0.74453125 0.103125 0.1
8 0.12109375 0.61875 0.10625 0.1046875
8 0.21640625 0.1421875 0.0828125 0.13125
10 0.425 0.2984375 0.08125 0.1703125