9 0.27828303952219907 0.24303342427525157 0.05373405405833438 0.10499657220870703
7 0.5048551507621258 0.10840948116225632 0.06841469847574828 0.21132838544042354
3 0.1662319705349459 0.4337942587805987 0.06618860226293632 0.09725679508134402
2 0.2559989733636162 0.3132186592481369 0.08047836123992677 0.13640110831306052
11 0.32964957592114014 0.4113067013044187 0.06947722872636941 0.12539997579950324
10 0.6767074248644267 0.11331567066101429 0.08864538524403187 0.19738406010845858
0 0.34465643150372616 0.517647604895215 0.07264768052176755 0.13323065651766228
3 0.3597471838414172 0.07240782776785189 0.049073825135573214 0.10965680113146817
0 0.4366717355620605 0.41349189090137256 0.061746541958086 0.1394170240041051
9 0.33368607348525325 0.7918118127407373 0.05987496974937896 0.0862829336450254
3 0.7243837963578901 0.7815844025106417 0.07393746974937905 0.08636474687674216
5 0.5157138200674077 0.5248929992144331 0.0632272287263694 0.1253636143631848
2 0.5200523830045366 0.3163174299325923 0.06488063231716552 0.1409977047222643
8 0.7460977742986927 0.1379389416400573 0.08366699375348415 0.14735678903121974
3 0.7811211723303441 0.4295588150784283 0.06304542154477702 0.0941136143631848
1 0.7213007447354427 0.5057758814334028 0.11509880093507655 0.17878859621281223
4 0.5338906065645446 0.7578191287029283 0.08365790339440445 0.14579428903121983
6 0.598476843973317 0.399588993066113 0.06964085518980241 0.15352497579950314
11 0.5947483768562165 0.23471797198887417 0.06484427088084707 0.13474770472226433