6 0.290625 0.19140625 0.06875 0.1375
3 0.74375 0.4859375 0.0640625 0.084375
4 0.51328125 0.1 0.059375 0.1671875
9 0.30859375 0.8171875 0.0609375 0.08125
3 0.3734375 0.12734375 0.0453125 0.09375
2 0.26015625 0.35546875 0.0703125 0.1140625
3 0.1703125 0.56875 0.065625 0.0796875
0 0.23125 0.67265625 0.0859375 0.1015625
0 0.565625 0.57265625 0.059375 0.1109375
3 0.6703125 0.825 0.0625 0.0765625
11 0.48828125 0.57421875 0.0578125 0.10625
5 0.584375 0.28515625 0.0578125 0.11875
11 0.428125 0.36875 0.059375 0.115625
9 0.36171875 0.2921875 0.046875 0.0890625
8 0.7359375 0.1984375 0.0765625 0.13125
7 0.3296875 0.43671875 0.090625 0.140625
6 0.5734375 0.4515625 0.059375 0.128125
10 0.48984375 0.80078125 0.0734375 0.128125
2 0.43203125 0.27421875 0.0625 0.125
5 0.43828125 0.19765625 0.05 0.1125
1 0.3265625 0.55703125 0.0875 0.15