3 0.33267212031511306 0.11208795130441876 0.04742951190385671 0.0955852107723885
3 0.3315914093463328 0.19489136094533915 0.050554511903856715 0.09560339149054782
3 0.33365387909571176 0.2808379513044188 0.05049087939029935 0.08466589149054773
3 0.33491237294739173 0.36287374648395854 0.058357921544777015 0.09408634328594587
4 0.39777040036934236 0.1562152012062229 0.07132152985783762 0.1738465661585828
5 0.5509817587805987 0.17194980639602545 0.05540563836728971 0.12375566256778661
9 0.6802511022629363 0.1008293061996337 0.04900110226293641 0.09715680113146816
3 0.49402427341492994 0.45285891793053973 0.04580337939029935 0.08463862041330898
9 0.6916385750373774 0.17823668871319104 0.050554511903856715 0.09560339149054782
11 0.7582851986721402 0.08565882415361459 0.0710488190854491 0.1269715661585828
0 0.23294184855050312 0.5607112827847038 0.08972609621281205 0.1145806504675381
3 0.3337640051663614 0.5683288609453392 0.06301815046753818 0.08942611436318479
6 0.7825908279642435 0.23501392953980887 0.08048745159900647 0.1379636083130605
9 0.7046430899662962 0.265028161585828 0.05365224082661797 0.09093407220870695
9 0.6379464693565955 0.3490122761454044 0.052062469749379045 0.08623748184962743
2 0.40125953561337424 0.35310383674484236 0.06784200585373235 0.11289088544042354
10 0.554906710379605 0.30946798711418466 0.0744283491396784 0.17073974687674198
9 0.5681975716195318 0.44547820998682164 0.05049996974937905 0.08622839149054791
3 0.3297310110200939 0.6808015898681002 0.059847698672140126 0.08159543364502539
7 0.4009600746445939 0.43591179156530246 0.07585449375348396 0.14731133723582168
3 0.5178537006170478 0.7889236829576544 0.05673178903121965 0.08313975292686618
6 0.6493793939264346 0.4342321586589618 0.06637040944452863 0.12850679508134383
9 0.5757696979847691 0.5384878666026799 0.052035198672140126 0.08154998184962743
0 0.21787642651474676 0.7910845840143679 0.10210792154477702 0.09434087334017516
5 0.41006392651474677 0.7922026981811607 0.07397383118569749 0.09261474687674198
9 0.6756611345566608 0.6546901044042356 0.05674996974937905 0.08626475292686635
2 0.4094543515755652 0.5531447433607006 0.07248405405833439 0.10510565651766228
1 0.7383009933607007 0.41053155912649997 0.09784766842151918 0.16775110226293624
8 0.6632787883438487 0.5405594267111384 0.07560905405833437 0.10512383723582168
9 0.6959287036421098 0.7813662338927309 0.05981133723582168 0.0753454336450254
8 0.4881656797362005 0.6543805113146816 0.06775110226293642 0.09726588544042372
11 0.8849502970262515 0.7754349173413646 0.10367042154477701 0.09434996369925486