8 0.24296875 0.18203125 0.07265625 0.128125
3 0.2265625 0.4734375 0.06328125 0.08046875
3 0.790625 0.4765625 0.06015625 0.08125
3 0.28984375 0.8109375 0.06015625 0.075
4 0.46875 0.7953125 0.0671875 0.10859375
0 0.54765625 0.4625 0.05859375 0.115625
0 0.63359375 0.56171875 0.06640625 0.1078125
1 0.290625 0.559375 0.0921875 0.1390625
6 0.69375 0.1890625 0.06640625 0.13671875
10 0.31015625 0.165625 0.07734375 0.17109375
3 0.61015625 0.11953125 0.04453125 0.0921875
6 0.396875 0.44765625 0.05625 0.121875
9 0.615625 0.28828125 0.04375 0.08828125
2 0.7125 0.35859375 0.07265625 0.10859375
11 0.39375 0.28046875 0.0546875 0.1171875
11 0.64453125 0.45859375 0.06640625 0.1078125
7 0.475 0.16171875 0.05703125 0.18125
5 0.5453125 0.1875 0.04765625 0.1078125
5 0.19609375 0.675 0.08515625 0.09921875
9 0.64453125 0.81484375 0.05546875 0.07421875
2 0.54375 0.26484375 0.05390625 0.12421875