0 0.26092178093799206 0.53984375 0.08662836729005097 0.11875
0 0.24400594994868635 0.76171875 0.09432269262201594 0.0984375
3 0.3554166695016736 0.54609375 0.06302724082661779 0.090625
3 0.35166443472517994 0.65390625 0.059856789031219736 0.0828125
2 0.4281456423743105 0.53359375 0.0709488251355733 0.109375
3 0.5115353801758663 0.434375 0.04580337939029935 0.084375
1 0.33506832894620225 0.41796875 0.08998062626704133 0.1578125
3 0.35499046438662585 0.35078125 0.05519656010845857 0.0875
5 0.28298924112120544 0.10390625 0.06947722872636941 0.125
5 0.42916674512822617 0.7609375 0.07243860226293623 0.096875
3 0.35122563583320704 0.1921875 0.04741133118569749 0.0921875
4 0.41709607552835665 0.15 0.06974084913967822 0.1703125
2 0.2723648376286051 0.184375 0.07417381908544902 0.1265625
3 0.35248412968488696 0.11015625 0.04585792154477701 0.09375
3 0.5330866306668456 0.75859375 0.05516019867214013 0.08125
3 0.35310577752014655 0.271875 0.04895565046753827 0.0890625
6 0.7636422599589491 0.609375 0.08347609621281223 0.1140625
9 0.7428444675098838 0.42421875 0.059856789031219645 0.0828125
9 0.7157194070086417 0.25234375 0.056786331185697494 0.0921875
9 0.6877610160090732 0.6265625 0.05674996974937905 0.0859375
7 0.8193983980316514 0.29140625 0.1166067587805987 0.16875
9 0.6695973441697086 0.52578125 0.0551511083130606 0.0796875
6 0.7916551931129951 0.22578125 0.08201359016268803 0.13125
9 0.6900613977370637 0.096875 0.050554511903856715 0.0953125
9 0.7261887535160414 0.3328125 0.056777240826617795 0.090625
9 0.7005807412194013 0.16875 0.050545421544777015 0.09375
11 0.7675051416869396 0.0796875 0.07259313836728971 0.1234375
9 0.7073553776417836 0.75 0.058267017953980725 0.078125
11 0.8964496938985622 0.74453125 0.10370678298109581 0.1
8 0.8753064678044714 0.61875 0.10685905405833437 0.1046875
8 0.7827665273237547 0.1421875 0.08357609016268804 0.13125
10 0.573263741415793 0.2984375 0.08224084913967822 0.1703125