11 0.7335579094445286 0.128125 0.07102154800821019 0.121875
11 0.3844634419346448 0.55234375 0.06789654800821018 0.121875
9 0.5318282795632501 0.36796875 0.04428633118569749 0.0921875
5 0.6141044483775525 0.27578125 0.06165563836728971 0.1234375
7 0.8395418273750686 0.61953125 0.12272949375348433 0.146875
10 0.28493666148763214 0.76796875 0.11177381303532483 0.14375
6 0.3997622307694729 0.76484375 0.07248405405833439 0.1046875
3 0.7614975988450907 0.36484375 0.05833974082661779 0.090625
8 0.19685033332699678 0.6671875 0.09906473477649361 0.1078125
0 0.7187520835233885 0.5375 0.08199540944452863 0.128125
2 0.5711503756778662 0.546875 0.06945904800821019 0.121875
2 0.670672090064492 0.19609375 0.06792381908544912 0.1265625
4 0.4530164365718917 0.115625 0.06357266237139499 0.184375
3 0.23191918315404614 0.38359375 0.06465337334017515 0.1015625
1 0.2991379785299777 0.2546875 0.08702834308955412 0.1875
3 0.3188459696511831 0.15078125 0.04743860226293624 0.096875
0 0.5749167668738264 0.79140625 0.0662522347764936 0.1078125