3 0.33984375 0.09375 0.04375 0.0953125
3 0.3328125 0.3421875 0.053125 0.0953125
5 0.26640625 0.0796875 0.0640625 0.1265625
4 0.4046875 0.13515625 0.0640625 0.171875
3 0.33515625 0.175 0.0453125 0.0953125
10 0.56015625 0.29609375 0.075 0.1703125
6 0.6484375 0.4234375 0.0671875 0.128125
3 0.3359375 0.259375 0.046875 0.0875
7 0.31171875 0.41328125 0.0859375 0.1640625
0 0.20625 0.765625 0.096875 0.0921875
3 0.5046875 0.77265625 0.053125 0.0796875
0 0.228125 0.53671875 0.0875 0.115625
9 0.68515625 0.77265625 0.059375 0.075
11 0.875 0.77109375 0.103125 0.09375
5 0.396875 0.77265625 0.071875 0.0921875
3 0.4921875 0.4359375 0.04375 0.0859375
6 0.78671875 0.22890625 0.0828125 0.1359375
9 0.63828125 0.3359375 0.05 0.0890625
9 0.7078125 0.2546875 0.0546875 0.0921875
9 0.56328125 0.43203125 0.046875 0.0859375
3 0.31953125 0.659375 0.0578125 0.08125
2 0.25390625 0.16640625 0.0734375 0.128125
3 0.3265625 0.5453125 0.0625 0.090625
9 0.56953125 0.525 0.05 0.08125
7 0.8125 0.303125 0.1140625 0.1640625
2 0.403125 0.5359375 0.06875 0.109375
8 0.65703125 0.53125 0.078125 0.109375
9 0.66640625 0.64296875 0.0515625 0.0828125
9 0.69609375 0.171875 0.0484375 0.0953125
9 0.6890625 0.09296875 0.0484375 0.0953125
8 0.78046875 0.146875 0.0796875 0.134375
11 0.76796875 0.078125 0.071875 0.125