3 0.34609375 0.1046875 0.04375 0.09375
3 0.34140625 0.1875 0.04609375 0.09453125
3 0.33984375 0.2734375 0.04765625 0.0828125
3 0.3375 0.35546875 0.05390625 0.0921875
4 0.409375 0.15078125 0.06484375 0.171875
5 0.56171875 0.1703125 0.05078125 0.12109375
9 0.69375 0.103125 0.0453125 0.0953125
3 0.49296875 0.45 0.0421875 0.0828125
9 0.7015625 0.18125 0.04609375 0.09375
11 0.771875 0.090625 0.065625 0.125
0 0.228125 0.55 0.0859375 0.11171875
3 0.328125 0.56015625 0.06015625 0.0875
6 0.790625 0.240625 0.07578125 0.13515625
9 0.71171875 0.26796875 0.05078125 0.08828125
9 0.64140625 0.35 0.0484375 0.084375
2 0.4046875 0.34765625 0.06328125 0.11015625
10 0.56015625 0.30859375 0.0671875 0.16875
9 0.56796875 0.44453125 0.046875 0.08359375
3 0.31953125 0.67265625 0.05703125 0.0796875
7 0.40078125 0.43046875 0.0703125 0.14453125
3 0.503125 0.7859375 0.05390625 0.08046875
6 0.64921875 0.4359375 0.06171875 0.1265625
9 0.57109375 0.5375 0.04921875 0.07890625
0 0.203125 0.7796875 0.0984375 0.090625
5 0.3953125 0.78671875 0.0703125 0.08984375
9 0.66640625 0.65703125 0.05390625 0.08359375
2 0.4046875 0.54765625 0.06796875 0.103125
1 0.7390625 0.41484375 0.09140625 0.1640625
8 0.65859375 0.5421875 0.071875 0.1015625
9 0.68125 0.78359375 0.05703125 0.07265625
8 0.47890625 0.65078125 0.0640625 0.09453125
11 0.87109375 0.78359375 0.1 0.08984375