3 0.32578125 0.09921875 0.046875 0.096875
3 0.328125 0.34765625 0.05625 0.096875
5 0.2515625 0.08828125 0.06875 0.128125
4 0.3921875 0.1390625 0.0703125 0.1734375
3 0.3234375 0.18046875 0.0484375 0.096875
10 0.553125 0.29375 0.08125 0.171875
6 0.64609375 0.41796875 0.071875 0.13125
3 0.32734375 0.26484375 0.05 0.0890625
7 0.30859375 0.4203125 0.0921875 0.1671875
0 0.215625 0.77578125 0.1 0.0953125
3 0.5140625 0.77265625 0.05625 0.08125
0 0.2296875 0.54609375 0.0921875 0.11875
9 0.69453125 0.765625 0.0609375 0.0765625
11 0.884375 0.7578125 0.10625 0.096875
5 0.40625 0.7765625 0.075 0.0953125
3 0.48984375 0.43671875 0.046875 0.0875
6 0.77734375 0.21875 0.0859375 0.1390625
9 0.6328125 0.33125 0.053125 0.090625
9 0.6984375 0.24765625 0.05625 0.09375
9 0.5609375 0.4296875 0.05 0.0859375
3 0.325 0.665625 0.0609375 0.0828125
2 0.2421875 0.17578125 0.078125 0.1296875
3 0.328125 0.5515625 0.065625 0.0921875
9 0.5703125 0.52265625 0.053125 0.0828125
7 0.80546875 0.2921875 0.11875 0.16875
2 0.40390625 0.5390625 0.071875 0.1125
8 0.6578125 0.525 0.0828125 0.1125
9 0.67109375 0.6375 0.0546875 0.084375
9 0.684375 0.16484375 0.0515625 0.0953125
9 0.675 0.08671875 0.0515625 0.096875
8 0.76796875 0.13671875 0.084375 0.1375
11 0.753125 0.06875 0.0765625 0.128125