3 0.36328125 0.1375 0.04296875 0.09296875
3 0.3578125 0.2140625 0.04453125 0.09375
3 0.35546875 0.29765625 0.04765625 0.09140625
5 0.29140625 0.128125 0.06328125 0.125
3 0.353125 0.38046875 0.05234375 0.08984375
0 0.27734375 0.28125 0.07109375 0.13828125
3 0.34296875 0.57734375 0.0609375 0.09296875
9 0.7078125 0.13046875 0.0453125 0.0984375
9 0.7171875 0.20546875 0.04609375 0.0953125
0 0.2421875 0.56484375 0.09375 0.11171875
4 0.24921875 0.45546875 0.11015625 0.159375
6 0.80625 0.25859375 0.07578125 0.14296875
3 0.334375 0.6859375 0.05859375 0.0859375
9 0.72734375 0.28984375 0.05078125 0.09375
11 0.7859375 0.1171875 0.065625 0.1265625
9 0.73515625 0.37109375 0.05078125 0.0921875
9 0.74921875 0.46875 0.05546875 0.09140625
3 0.34609375 0.4734375 0.0546875 0.09296875
3 0.32109375 0.809375 0.0625 0.08046875
8 0.8 0.18359375 0.075 0.13203125
7 0.83046875 0.334375 0.10625 0.17109375
10 0.8578125 0.4265625 0.11875 0.175
2 0.23671875 0.6796875 0.0953125 0.10859375
6 0.859375 0.54765625 0.096875 0.12265625
9 0.76640625 0.678125 0.0609375 0.08515625
5 0.21484375 0.80703125 0.0953125 0.0984375
9 0.78828125 0.79453125 0.0625 0.0796875
9 0.7578125 0.5625 0.05859375 0.08671875
11 0.89609375 0.79921875 0.10390625 0.1
8 0.878125 0.6625 0.103125 0.10703125
2 0.27734375 0.209375 0.07265625 0.12890625
1 0.25078125 0.35390625 0.0953125 0.17265625