4 0.5834215540583344 0.10807820393669743 0.06512607201231528 0.18318520472226432
1 0.37908857806243945 0.1678248668972675 0.0839033430895542 0.18798178903121973
3 0.244182312937129 0.21000730083688052 0.05682269262201593 0.09876475292686618
6 0.4449504482793566 0.34320211679907164 0.060174951599006474 0.13784543364502538
3 0.5279311199223296 0.37259015583029137 0.04901019262201593 0.0987193011314682
2 0.6785487434588965 0.3453423754814745 0.07421927088084708 0.13480224687674197
0 0.6913674269075303 0.5344730531745716 0.07577268052176755 0.13324883723582168
10 0.27508792105379776 0.4195550176593933 0.10724993949875791 0.1724931444174139
7 0.8028190530763757 0.7577701734896847 0.12427381303532492 0.14446813836728972
8 0.6115804538385016 0.6511923996819713 0.07722609621281204 0.11450792759490121
2 0.442957197984769 0.5377151860809124 0.07101245764913067 0.12072156615858276