11 0.3234375 0.6464129543294809 0.08125 0.12078519867214013
7 0.71171875 0.6369531585607658 0.1078125 0.1490647347764936
8 0.51875 0.6420804992144331 0.06875 0.10977497579950324
5 0.671875 0.17734635440423563 0.065625 0.13163179508134398
0 0.6953125 0.5181077097904299 0.078125 0.1363920179539809
10 0.27578125 0.3914481983775525 0.1078125 0.1740647347764936
6 0.44609375 0.31275154751723083 0.0625 0.1441136143631847
3 0.53125 0.34684072208707006 0.0484375 0.09715680113146821
2 0.4421875 0.5158538216195317 0.0703125 0.12228406615858275
4 0.53984375 0.14454696906200792 0.0671875 0.19101588544042358
1 0.36875 0.30214532474278977 0.0875 0.18332156010845857
3 0.24296875 0.17094480083688054 0.0578125 0.10346134328594583
2 0.6859375 0.32352191763595217 0.0765625 0.13950792759490122