4 0.41953125 0.17265625 0.06171875 0.1765625
5 0.28125 0.11796875 0.0625 0.128125
0 0.265625 0.2703125 0.065625 0.14453125
1 0.321875 0.44296875 0.08671875 0.1609375
10 0.57265625 0.33203125 0.07265625 0.17109375
3 0.353125 0.1296875 0.0421875 0.096875
3 0.346875 0.29140625 0.046875 0.090625
0 0.2265625 0.5640625 0.0875 0.11796875
3 0.34765625 0.20859375 0.04375 0.09609375
3 0.3421875 0.375 0.05078125 0.0890625
3 0.50078125 0.4703125 0.04375 0.08671875
2 0.265625 0.19609375 0.071875 0.1296875
3 0.33203125 0.57734375 0.0609375 0.09296875
3 0.321875 0.690625 0.05703125 0.084375
7 0.8234375 0.3453125 0.10859375 0.16328125
6 0.79765625 0.2703125 0.078125 0.1375
2 0.41015625 0.5671875 0.06640625 0.1125
9 0.7078125 0.2125 0.046875 0.09453125
9 0.69921875 0.1390625 0.04609375 0.096875
11 0.778125 0.12734375 0.0671875 0.1234375
3 0.50703125 0.8109375 0.05 0.07890625
9 0.71875 0.29609375 0.05390625 0.09140625
9 0.7375 0.4734375 0.0578125 0.0828125
9 0.6609375 0.57578125 0.05390625 0.0796875
9 0.72578125 0.3796875 0.05390625 0.08984375
6 0.75546875 0.66875 0.08125 0.11015625
9 0.675 0.68046875 0.05546875 0.0859375
8 0.790625 0.19296875 0.07890625 0.13046875
9 0.69375 0.81328125 0.05859375 0.0765625
11 0.88515625 0.8140625 0.10390625 0.0984375
8 0.8671875 0.6828125 0.10546875 0.10390625
5 0.19921875 0.8125 0.09453125 0.1