3 0.7484375 0.2421875 0.0578125 0.0890625
3 0.6703125 0.33203125 0.053125 0.090625
3 0.6671875 0.2484375 0.0484375 0.090625
3 0.66640625 0.159375 0.046875 0.09375
3 0.6625 0.07421875 0.0453125 0.096875
0 0.77734375 0.52734375 0.084375 0.1078125
4 0.596875 0.1234375 0.0625 0.171875
9 0.2921875 0.2515625 0.0546875 0.090625
9 0.30703125 0.08125 0.046875 0.096875
9 0.36796875 0.15859375 0.04375 0.09375
6 0.209375 0.2234375 0.08125 0.134375
3 0.509375 0.42734375 0.0421875 0.071875
11 0.525 0.22109375 0.05 0.11875
7 0.60625 0.41171875 0.0703125 0.14375
3 0.6890625 0.67109375 0.0578125 0.075
6 0.35625 0.42109375 0.065625 0.125
9 0.4390625 0.42890625 0.046875 0.084375
9 0.4375 0.52421875 0.0484375 0.078125
10 0.52109375 0.5171875 0.065625 0.1375
1 0.26328125 0.403125 0.0953125 0.1609375
2 0.60234375 0.52890625 0.0671875 0.0984375
3 0.50546875 0.76953125 0.053125 0.078125
0 0.25625 0.64453125 0.0875 0.096875
9 0.34140625 0.64296875 0.0546875 0.08125
8 0.35 0.5296875 0.075 0.0984375
5 0.42578125 0.77109375 0.0671875 0.084375
9 0.3265625 0.77265625 0.059375 0.0734375
9 0.5234375 0.334375 0.04375 0.0828125
8 0.5265625 0.63515625 0.065625 0.090625
11 0.70859375 0.76796875 0.08125 0.0859375
2 0.44140625 0.2265625 0.059375 0.128125
5 0.44453125 0.14375 0.05 0.1140625