3 0.346875 0.090625 0.0421875 0.09453125
3 0.3359375 0.3390625 0.05078125 0.09375
5 0.2734375 0.07578125 0.06171875 0.125
4 0.4109375 0.13359375 0.0609375 0.1703125
3 0.340625 0.171875 0.04375 0.0953125
10 0.5640625 0.296875 0.071875 0.16875
6 0.65 0.42578125 0.065625 0.12734375
3 0.33984375 0.25625 0.04609375 0.08671875
7 0.31328125 0.41015625 0.08359375 0.1625
0 0.2015625 0.76015625 0.0953125 0.090625
3 0.5 0.77265625 0.0515625 0.078125
0 0.22734375 0.53203125 0.0859375 0.1140625
9 0.68046875 0.77578125 0.0578125 0.07421875
11 0.8703125 0.77734375 0.1015625 0.0921875
5 0.3921875 0.77109375 0.06953125 0.09140625
3 0.49296875 0.4359375 0.04296875 0.08515625
6 0.79140625 0.23359375 0.0796875 0.13515625
9 0.64140625 0.33828125 0.04921875 0.08828125
9 0.71171875 0.25859375 0.05234375 0.090625
9 0.56484375 0.4328125 0.04609375 0.084375
3 0.31640625 0.65625 0.05625 0.0796875
2 0.259375 0.1625 0.07109375 0.1265625
3 0.32578125 0.5421875 0.0609375 0.0890625
9 0.56875 0.5265625 0.0484375 0.0796875
7 0.815625 0.30859375 0.1109375 0.1625
2 0.40234375 0.534375 0.06640625 0.10859375
8 0.65625 0.53359375 0.0765625 0.10859375
9 0.6640625 0.64609375 0.05078125 0.08203125
9 0.7015625 0.175 0.046875 0.09375
9 0.69609375 0.09609375 0.04609375 0.09453125
8 0.78671875 0.1515625 0.07734375 0.13359375
11 0.775 0.0828125 0.0703125 0.12421875