3 0.5719784973677213 0.2541174117822197 0.03644656010845857 0.08770907825883123
4 0.5857728317748727 0.30029297501393626 0.06653403590796181 0.15663179508134392
9 0.7521689496540989 0.5715826886149952 0.056713608313060604 0.08001475292686636
5 0.25867452147002234 0.2562010447867563 0.06314541549465283 0.11130111436318471
6 0.36271958851236785 0.7701049843837102 0.06778746369925477 0.10351588544042353
9 0.2676182502945876 0.19609479176169425 0.04892837939029935 0.08465680113146812
3 0.6086502329297818 0.6652821707592101 0.050472698672140125 0.08154089149054773
1 0.2000473925707023 0.6644675418598901 0.10855790944452863 0.12875223477649378
11 0.77822693472518 0.6584559747193486 0.0803056444174139 0.1067136083130606
3 0.3710366034412867 0.6834316861791082 0.052026108313060516 0.07998748184962742
5 0.22244054303824048 0.5755323068870049 0.07717155405833438 0.1051329275949012
9 0.5190797145830176 0.4835049299325923 0.041070427594901204 0.07679884933607006
6 0.32046144916311947 0.24484136397040124 0.05542381908544911 0.12688066256778666
10 0.3762473199692118 0.4592356620768073 0.07272040339440444 0.14573065651766245
0 0.6173480011783503 0.7817429629136878 0.06464428298109545 0.10037270472226431
3 0.3309040454741274 0.19568170130441878 0.047393150467538184 0.08933521077238855
8 0.37819161505055576 0.3936197524358869 0.06001132513557321 0.1097204336450254
7 0.5343910971947707 0.5375020835233885 0.067996541958086 0.13945338544042354