3 0.3859375 0.6803703186926656 0.0578125 0.10971134328594587
11 0.18671875 0.6792112979100142 0.1 0.14745678298109546
3 0.65859375 0.6835190863520589 0.0609375 0.1019170240041051
0 0.3796875 0.802208957256347 0.0796875 0.1520261083130606
5 0.815625 0.5609951674395605 0.0875 0.12863406010845857
9 0.2140625 0.5871828791939077 0.065625 0.09725679508134384
5 0.7359375 0.25271905912649995 0.0671875 0.12539088544042354
3 0.653125 0.20614352009528022 0.046875 0.09714771077238851
10 0.63125 0.4466412550681655 0.0828125 0.18641928903121965
6 0.6796875 0.7711418061996337 0.0828125 0.15360678903121966
4 0.3921875 0.30306293012898405 0.075 0.1832488372358217
9 0.71796875 0.20652076999708435 0.05 0.09091589149054773
7 0.4640625 0.5276998366466465 0.078125 0.18639201795398072
1 0.8546875 0.6409099264165509 0.128125 0.18043290944452864
3 0.4015625 0.2656174722834618 0.04375 0.09869203005422929
6 0.66953125 0.2421764688656162 0.0640625 0.1550602047222643
8 0.62421875 0.3848815984523073 0.075 0.1363738372358217
9 0.475 0.4902634691602038 0.046875 0.09871021077238851