9 0.6493454941462675 0.10871841062287904 0.033357921544777014 0.09394089754067196
4 0.6678318737329587 0.15392182631392362 0.05878516842151917 0.16752384328594588
9 0.5634398104030461 0.103749630372258 0.03181360226293641 0.09705680718159235
9 0.6176046147559682 0.19327521780447138 0.03332156010845857 0.08769089754067197
0 0.573477364854164 0.2583734978587007 0.04301472267624522 0.14243293969514967
10 0.4317852894240032 0.1740444705349459 0.046285168421519175 0.1674511204133089
1 0.5724466508603216 0.1669763382177803 0.04938289734428025 0.16278180113146817
3 0.4298096989667277 0.11077685607356531 0.02862496974937905 0.08610112646343313
9 0.6497883173369331 0.70400818472518 0.03798178903121965 0.08303066861791084
5 0.6282507023845734 0.37758204011137425 0.044404505853732346 0.11275453005422928
6 0.6370893711988759 0.46971499795689653 0.044413596212812045 0.11431703005422929
9 0.4542854406771083 0.6035865247896719 0.033276108313060604 0.0798783975406721
6 0.3457825942679045 0.5885933047457055 0.04598518657189175 0.11588862041330898
11 0.5381109948336386 0.5632564405789124 0.03810905405833438 0.10490566861791084
9 0.5515866457921561 0.798326332167656 0.034820427594901206 0.07676248789975162
11 0.5927939496540987 0.5637195280111259 0.04123405405833438 0.10492384933607006
3 0.48284729879377714 0.3940524435057787 0.03332156010845857 0.08769089754067191
3 0.3477546813073344 0.3839012595661656 0.03332156010845857 0.08769089754067191
7 0.6624968747149172 0.8023684166730032 0.06324540944452864 0.1284886143631848
8 0.38787062119887583 0.47116491023009555 0.04595791549465282 0.11120112041330898
3 0.442458127249 0.488034247662309 0.03486587939029935 0.08457498789975162
3 0.6998474046709507 0.6935610432346322 0.041079517953980724 0.07836134933607006
3 0.49672240467095075 0.6947427899149825 0.034829517953980725 0.07832498789975162
5 0.5037758596878026 0.8251660881195845 0.04120678298109546 0.10023634933607006
2 0.6084229739527915 0.6972178292407898 0.04587610226293641 0.09713862041330898
3 0.60149574220136 0.8136604406771083 0.034820427594901206 0.07676248789975162
8 0.38802411554153504 0.713343319871016 0.04741133118569749 0.0924602107723885
2 0.4858500998270494 0.2807575579671593 0.041352228726369414 0.12523634933607006
3 0.38785802742195064 0.20476775058917518 0.031768150467538184 0.0892443071815924
0 0.39132794018612904 0.27974502469147616 0.03980790944452863 0.12835225897699046