9 0.6104142834720749 0.22421875 0.033330650467538095 0.0890625
9 0.661949512394836 0.22890625 0.03488406010845857 0.0875
3 0.5352329971713295 0.12109375 0.027107921544777015 0.09375
9 0.6641074309145509 0.1265625 0.03495678298109546 0.1
9 0.6345451124182772 0.6421875 0.03799087939029935 0.084375
9 0.5477496152469475 0.52109375 0.03331246974937905 0.0859375
6 0.6531597987937772 0.396875 0.04920109016268785 0.13125
11 0.7156653857350112 0.12734375 0.050745409444528634 0.128125
9 0.5277724167711991 0.73203125 0.03328519867214012 0.08125
9 0.5684559832243694 0.85625 0.03639201795398091 0.078125
6 0.6885508354873058 0.759375 0.05689541549465282 0.1109375
7 0.5603455848981306 0.3703125 0.05407039734428025 0.1625
3 0.4415693555825859 0.10625 0.036537463699254855 0.103125
3 0.43089495511504783 0.1953125 0.03490224082661797 0.090625
9 0.6807014531701402 0.9 0.041070427594901204 0.0765625
0 0.3648790696746242 0.2625 0.04921927088084708 0.134375
3 0.44551949473544267 0.5015625 0.03644656010845857 0.0875
3 0.4094143439733169 0.39609375 0.03486587939029935 0.084375
11 0.5784900342576418 0.74296875 0.0474931444174139 0.10625
0 0.5055399102300956 0.390625 0.04288745764913049 0.1203125
5 0.4162779432111911 0.290625 0.04602154800821019 0.121875
2 0.4671228257247485 0.2796875 0.04600336729005079 0.11875
10 0.6132165757247485 0.2796875 0.055678349139678215 0.1703125
3 0.3839320340612501 0.61328125 0.03797269867214013 0.08125
3 0.3707457119507389 0.73125 0.03950792759490129 0.0765625
1 0.4363348713952676 0.603125 0.05395222267624522 0.1421875
2 0.30602922697785356 0.709375 0.05526928298109555 0.1
5 0.3029764289696434 0.83125 0.053715873340175156 0.1015625
4 0.5208477894240031 0.1765625 0.05258062021691714 0.175
3 0.3552201850197676 0.8484375 0.03953519867214013 0.08125
8 0.6430802959651067 0.51796875 0.05535109621281222 0.1140625
8 0.5846314708295335 0.62734375 0.052144282981095455 0.1