9 0.68359375 0.12734375 0.03125 0.09375
4 0.6984375 0.17421875 0.05625 0.1671875
9 0.59765625 0.1140625 0.0296875 0.096875
9 0.64453125 0.2078125 0.03125 0.0875
0 0.5953125 0.26875 0.0390625 0.140625
10 0.46171875 0.171875 0.0421875 0.1671875
1 0.6015625 0.17734375 0.0453125 0.1625
3 0.4640625 0.10859375 0.0265625 0.0859375
9 0.63515625 0.7203125 0.0359375 0.0828125
5 0.640625 0.39296875 0.0421875 0.1109375
6 0.6421875 0.48515625 0.0421875 0.1125
9 0.4484375 0.60234375 0.03125 0.0796875
6 0.34140625 0.57734375 0.04375 0.115625
11 0.53515625 0.5703125 0.0359375 0.103125
9 0.5296875 0.80546875 0.0328125 0.0765625
11 0.58984375 0.575 0.0390625 0.1046875
3 0.49453125 0.39609375 0.03125 0.0875
3 0.3609375 0.3734375 0.03125 0.0875
7 0.63984375 0.81953125 0.0609375 0.1265625
8 0.39375 0.4640625 0.0421875 0.109375
3 0.446875 0.4859375 0.0328125 0.084375
3 0.6859375 0.7140625 0.0390625 0.078125
3 0.48359375 0.696875 0.0328125 0.078125
5 0.4796875 0.82734375 0.0390625 0.1
2 0.59453125 0.709375 0.04375 0.0953125
3 0.57890625 0.82578125 0.0328125 0.0765625
8 0.37421875 0.70546875 0.0453125 0.0921875
2 0.50625 0.28359375 0.0375 0.1234375
3 0.41484375 0.1984375 0.0296875 0.0890625
0 0.4125 0.2734375 0.0375 0.128125