9 0.6358824369646752 0.14004567867505577 0.03184087334017516 0.10174430718159236
9 0.6466466992613153 0.30404000098195866 0.03338519262201593 0.09862839754067201
9 0.6471148527539157 0.22357125098195865 0.030242011903856537 0.0954852168225127
9 0.6546950277165383 0.3977400040070208 0.03338519262201593 0.09862839754067192
11 0.6859233435805334 0.132723537184508 0.044513590162687855 0.1315045300542293
9 0.6652411213952675 0.5992343263139237 0.034929511903856535 0.09551248789975161
9 0.6580604013513011 0.4906860281093217 0.03175906010845857 0.0876818071815924
6 0.6967376028521114 0.2881241094914109 0.044604493753483965 0.1471295300542293
9 0.5678525161072692 0.6880791785768599 0.033357921544777014 0.09394089754067192
9 0.6226576698944571 0.8018189708295335 0.03491133118569749 0.09238748789975162
3 0.4226148225032945 0.1389427626894236 0.0318863251355733 0.10955680718159236
7 0.5598410699692118 0.45375872073133755 0.052626072012315284 0.18311248184962742
5 0.37195174717132967 0.11892569935951118 0.03825449980360833 0.12990566861791084
3 0.4214017804470128 0.21316605786896342 0.030242011903856537 0.0954852168225127
11 0.6193786546709508 0.6940291967272325 0.044495409444528636 0.12837953005422928
3 0.4172404795119363 0.39130923858712263 0.030214740826617792 0.0907977168225127
0 0.35763315447455896 0.5658688770526084 0.04927381303532483 0.14403180113146802
3 0.41430131099222134 0.493666624125742 0.036528373340175155 0.10177157825883114
6 0.7326326335937118 0.6980576456939602 0.057068132317165524 0.14095225292686636
0 0.3640296419815271 0.2720916059753694 0.03993517447164337 0.15022725897699046
3 0.5083609040817756 0.30562574776050483 0.03183178298109546 0.10018180718159239
3 0.41297009426790454 0.5882024193052819 0.036501102262936416 0.09708407825883114
2 0.3444786486208265 0.6784415999252452 0.05387040944452863 0.12843407220870695
3 0.4107667239527915 0.6983677596643615 0.03804542154477701 0.09396816861791084
1 0.3637882265850701 0.44786831079582967 0.05412493949875792 0.17218407220870696
8 0.6955932593697739 0.2162581998504905 0.05079995159900648 0.13779089149054774
4 0.5040648104030462 0.10409506401728348 0.04324198165323558 0.18149543969514967
5 0.3523951668693949 0.7947978529503074 0.050754499803608334 0.1299783914905479
3 0.4069826729195191 0.8116671903825207 0.036510192622015936 0.09864657825883114
2 0.4631938498270494 0.2808893681738137 0.039871541958085996 0.13928975897699045
8 0.6137922508837628 0.580003058163551 0.04762040944452863 0.1283977107723885
10 0.7064575156162899 0.36306502215739334 0.06513516237139498 0.18474770472226432