9 0.3699408370394299 0.2068328247427898 0.02864315046753818 0.08922612646343309
5 0.4628005027304745 0.18862370110802704 0.031949957649130487 0.1204943071815923
3 0.4568772347764936 0.11046688485124836 0.02707156010845857 0.08765453610435348
6 0.5489783763652373 0.09615946603694583 0.03212267447164337 0.15018180718159235
3 0.6459988221105111 0.12172306829988211 0.030242011903856714 0.09548521682251274
3 0.594109590064492 0.19954354127071494 0.02707156010845857 0.08765453610435348
0 0.5999055929913583 0.2558253575274936 0.036737451599006474 0.13770907825883122
8 0.6585811562230748 0.27022874599297925 0.04445904800821019 0.12212953005422929
2 0.5631191861791083 0.37826343890958275 0.03820904800821019 0.12209316861791084
3 0.6045890686926656 0.3894418334251926 0.02866133118569749 0.09235112646343309
3 0.5645322161351417 0.4868617340891226 0.03176815046753827 0.0892443071815924
3 0.6143054780389983 0.5824605804001305 0.03173178903121965 0.08299430718159222
9 0.6846816105525557 0.5938071465587134 0.03329428903121965 0.08300339754067192
0 0.5735582790722706 0.6955009358845207 0.03817268657189175 0.11584316861791084
5 0.5243713453290493 0.7006833395735127 0.036582915494652826 0.11114657825883115
4 0.5273514204646226 0.8100719751121321 0.044540861239926774 0.1361920300542291
9 0.47575255902830416 0.8035219932625047 0.033276108313060604 0.0798783975406721
3 0.42508039333725944 0.8219765565924171 0.03330337939029935 0.08456589754067209
9 0.36818952302214647 0.7114930536655508 0.03330337939029935 0.08456589754067209
7 0.36172642046462256 0.8091083970496926 0.06175563231716552 0.1409795240041049
2 0.4095457760472085 0.7031401981811609 0.0459488251355733 0.10963862041330899
3 0.31658157122674835 0.7033805718159236 0.036419289031219736 0.08302157825883114
6 0.37051002624360024 0.5732299843837102 0.04132495764913049 0.12054884933607006
9 0.4222134268093344 0.5977487162333375 0.030178379390299347 0.08454771682251269
11 0.37079585167376117 0.48807827956324995 0.04130677693097127 0.11742384933607006
11 0.41683960469882325 0.4797526951560987 0.03817268657189175 0.11584316861791084
8 0.46759812880112417 0.4761418818261863 0.03970791549465282 0.11116475897699055
1 0.5120112041330891 0.4560884570599554 0.03842721662612103 0.15959316861791084
9 0.4678612283335859 0.38708392700572614 0.027044289031219648 0.08296703610435348
10 0.41693453258831203 0.36178849033563854 0.044713578062439474 0.16587953005422928
9 0.42128568930236626 0.30400326141287737 0.02708974082661797 0.09077953610435348
9 0.37563736689726746 0.38029759582002864 0.028670421544777013 0.09391362646343318