4 0.6092124152982612 0.24416114968197128 0.0697317587805987 0.16914997579950314
3 0.594890840064492 0.19954808645025474 0.041152240826617795 0.09086134933607007
6 0.47053118949875794 0.17460665290342514 0.046094270880847076 0.1346386204133089
9 0.6134282583878152 0.43167933040013057 0.04740224082661779 0.09089771077238851
11 0.6193651618804156 0.5121798966569091 0.06158291549465282 0.1112920240041051
9 0.3234430869412341 0.2714038639704013 0.04583974082661779 0.09088862041330899
7 0.5457776709556018 0.4859713997801672 0.06811471662612086 0.15976588544042353
3 0.3367101805217675 0.13476692720211783 0.04589428298109555 0.1002636204133089
9 0.5306566650036736 0.4382287913689108 0.04112496974937905 0.08617384933607006
9 0.31219249043383435 0.3518044362773042 0.05050906010845857 0.08779089149054772
6 0.5457105350241991 0.7429935594210876 0.06159200585373235 0.11285452400410509
0 0.6301491675377563 0.7544219388113869 0.06781473477649361 0.10820338544042354
3 0.6247435291704665 0.6309571677341481 0.053624969749379046 0.08624657220870695
3 0.544288414709086 0.6328327642415477 0.05049087939029935 0.0846658914905479
5 0.33074652683277544 0.18394931576579934 0.050663596212812044 0.11435339149054773
5 0.4625651951560987 0.41673961074894744 0.05060905405833438 0.10497839149054773
1 0.4591134631100796 0.49484188485124836 0.061819264830722885 0.1519170240041051
2 0.47142658986810027 0.3285129029034251 0.053806776930971266 0.11749657220870695
8 0.46786070745273883 0.25271347218526585 0.05072722872636941 0.12529089149054773
10 0.6143680687908615 0.3246571707592102 0.0712942587805987 0.16915906615858275