9 0.33828125 0.15390625 0.03125 0.1015625
9 0.3390625 0.31875 0.0328125 0.0984375
9 0.3328125 0.23828125 0.0296875 0.0953125
9 0.33671875 0.4125 0.0328125 0.0984375
11 0.28828125 0.15078125 0.04375 0.13125
9 0.3390625 0.6140625 0.034375 0.0953125
9 0.3390625 0.50546875 0.03125 0.0875
6 0.2875 0.30625 0.04375 0.146875
9 0.4421875 0.69609375 0.0328125 0.09375
9 0.39453125 0.81328125 0.034375 0.0921875
3 0.5515625 0.13671875 0.03125 0.109375
7 0.434375 0.46171875 0.0515625 0.1828125
5 0.60078125 0.11328125 0.0375 0.1296875
3 0.55703125 0.2109375 0.0296875 0.0953125
11 0.390625 0.70546875 0.04375 0.128125
3 0.57265625 0.38828125 0.0296875 0.090625
0 0.64375 0.55859375 0.0484375 0.14375
3 0.5828125 0.48984375 0.0359375 0.1015625
6 0.278125 0.71796875 0.05625 0.140625
0 0.61875 0.265625 0.0390625 0.15
3 0.47578125 0.31015625 0.03125 0.1
3 0.58984375 0.584375 0.0359375 0.096875
2 0.6640625 0.66953125 0.053125 0.128125
3 0.59921875 0.69453125 0.0375 0.09375
1 0.6296875 0.440625 0.053125 0.171875
8 0.284375 0.234375 0.05 0.1375
4 0.4671875 0.10859375 0.0421875 0.18125
5 0.66328125 0.7859375 0.05 0.1296875
3 0.61015625 0.80703125 0.0359375 0.0984375
2 0.51953125 0.28203125 0.0390625 0.1390625
8 0.3890625 0.59140625 0.046875 0.128125
10 0.2828125 0.38203125 0.0640625 0.184375