9 0.6890625 0.81796875 0.0375 0.1
9 0.67578125 0.68984375 0.034375 0.1015625
9 0.67109375 0.58046875 0.034375 0.103125
3 0.3953125 0.79765625 0.034375 0.1
9 0.66640625 0.4671875 0.03125 0.1
11 0.75234375 0.81171875 0.0578125 0.1375
9 0.66484375 0.37421875 0.03125 0.1
3 0.40234375 0.68671875 0.034375 0.096875
5 0.33828125 0.778125 0.05 0.134375
3 0.4078125 0.56953125 0.034375 0.1
9 0.65859375 0.28203125 0.03125 0.1
7 0.56484375 0.42734375 0.046875 0.196875
3 0.4125 0.47109375 0.034375 0.1046875
8 0.61875 0.5578125 0.0453125 0.1375
3 0.51484375 0.278125 0.0296875 0.103125
8 0.7109375 0.18515625 0.046875 0.146875
9 0.6609375 0.1953125 0.028125 0.10625
9 0.65390625 0.1078125 0.028125 0.109375
3 0.41796875 0.36484375 0.03125 0.1
6 0.71171875 0.25859375 0.04375 0.1578125
3 0.4265625 0.1828125 0.028125 0.096875
0 0.35 0.54296875 0.0484375 0.15625
3 0.43046875 0.1046875 0.028125 0.1078125
5 0.378125 0.08671875 0.034375 0.13125
4 0.3578125 0.32890625 0.0515625 0.1828125
2 0.36640625 0.1703125 0.040625 0.14375
0 0.36484375 0.23984375 0.0375 0.15625
11 0.703125 0.103125 0.0421875 0.134375
10 0.7203125 0.33515625 0.059375 0.1953125
6 0.73125 0.56015625 0.05 0.153125
1 0.359375 0.425 0.05 0.19375
2 0.3328125 0.65859375 0.05 0.1375