9 0.4063631086076481 0.11484375 0.03179542154477701 0.09375
4 0.5325256328081449 0.18359375 0.04465903590796181 0.15625
3 0.5281835664531703 0.12421875 0.02863406010845857 0.0875
9 0.4402154129605701 0.2046875 0.033339740826617795 0.090625
9 0.3918051840378089 0.2 0.03487496974937905 0.0859375
3 0.6164784519917899 0.121875 0.03337610226293623 0.096875
9 0.5050263049420971 0.47890625 0.033348831185697494 0.0921875
9 0.2944559227231275 0.684375 0.03796360831306043 0.0796875
0 0.5166046752572102 0.36875 0.04140677088084708 0.134375
5 0.5217376028521115 0.2921875 0.03815450585373252 0.1125
10 0.48481029547412735 0.19375 0.046212445548882285 0.1546875
6 0.37759217223214814 0.36015625 0.04447722872636941 0.125
3 0.61287166296057 0.2046875 0.03331246974937905 0.0859375
9 0.445223537184508 0.68671875 0.033257927594901204 0.0765625
3 0.6047222987937771 0.396875 0.03330337939029935 0.084375
11 0.43424214803165134 0.29140625 0.04128859621281222 0.1140625
6 0.3483803534412867 0.68125 0.0459488251355733 0.109375
3 0.5557575579671592 0.4875 0.03486587939029935 0.084375
0 0.592671229806524 0.58828125 0.042842005853732525 0.1125
9 0.388355392767094 0.79296875 0.033257927594901204 0.0765625
7 0.4682717143866258 0.35078125 0.04933744554888229 0.1546875
3 0.5435837691323313 0.7 0.03639201795398091 0.078125
9 0.3390866457921561 0.8015625 0.03638292759490129 0.0765625
11 0.3967951275435876 0.68515625 0.04121587334017516 0.1015625
2 0.5583144105246831 0.58515625 0.04277837334017516 0.1015625
5 0.5390639198944571 0.80546875 0.044331782981095455 0.1
3 0.4882463084581386 0.81171875 0.03638292759490121 0.0765625
3 0.5882054018422803 0.81875 0.03635565651766246 0.071875
2 0.567109190186129 0.28203125 0.04291472872636941 0.125
8 0.40834168160192197 0.58046875 0.04748405405833438 0.1046875
8 0.506025202679161 0.57578125 0.04276928298109546 0.1
1 0.5008059166730032 0.6671875 0.0461033612399266 0.1359375