9 0.35078125 0.1484375 0.02734375 0.1
9 0.3453125 0.31328125 0.0296875 0.096875
9 0.3421875 0.2328125 0.0265625 0.09375
9 0.33984375 0.40703125 0.0296875 0.09765625
11 0.30078125 0.14375 0.03984375 0.1296875
9 0.33515625 0.60859375 0.03125 0.09453125
9 0.3390625 0.5 0.02890625 0.0859375
6 0.29453125 0.29921875 0.0390625 0.14609375
9 0.43515625 0.69375 0.02890625 0.0921875
9 0.38359375 0.809375 0.03125 0.09140625
3 0.5640625 0.1390625 0.028125 0.10859375
7 0.4359375 0.459375 0.04453125 0.18203125
5 0.6140625 0.1171875 0.03359375 0.12890625
3 0.5671875 0.21328125 0.0265625 0.09375
11 0.38359375 0.7015625 0.0390625 0.12734375
3 0.5765625 0.390625 0.02734375 0.0890625
0 0.64140625 0.56328125 0.04375 0.14296875
3 0.5828125 0.49296875 0.03203125 0.10078125
6 0.2703125 0.71015625 0.05078125 0.13828125
0 0.6265625 0.26953125 0.034375 0.14921875
3 0.4828125 0.309375 0.02734375 0.0984375
3 0.58671875 0.5875 0.03203125 0.0953125
2 0.6578125 0.675 0.0484375 0.12578125
3 0.5921875 0.69765625 0.03359375 0.0921875
1 0.63203125 0.4453125 0.04765625 0.17109375
8 0.29375 0.22734375 0.04453125 0.1359375
4 0.48125 0.1078125 0.0359375 0.1796875
5 0.653125 0.79140625 0.04609375 0.128125
3 0.59921875 0.8109375 0.03203125 0.09765625
2 0.52734375 0.2828125 0.03359375 0.13828125
8 0.3859375 0.5875 0.0421875 0.12734375
10 0.28671875 0.37421875 0.05703125 0.18203125