11 0.7704553413410383 0.6513792729239506 0.09287836729005097 0.1192863311856975
9 0.6642280672387374 0.6468548785065366 0.056795421544777014 0.09407725292686617
9 0.7438938831027325 0.3824656464605175 0.06302724082661797 0.09098861436318462
9 0.6764750998270495 0.2875389658405541 0.04894656010845857 0.08778180113146812
6 0.5998120849963264 0.43866058342519265 0.060129499803608155 0.13003293364502538
5 0.1415809075978169 0.6422516533944045 0.0944226865718917 0.11617042154477701
9 0.38587737090428825 0.2811606590517452 0.04738406010845857 0.0877727107723885
3 0.3446922720591975 0.6457771500747548 0.05831246974937905 0.08627384328594587
5 0.49326106138500486 0.7583640293668582 0.0631272347764936 0.10817611436318479
3 0.5906314859548439 0.6737713816297946 0.05517837939029935 0.08469316256778647
6 0.4514291271508042 0.4284219993126289 0.058557909444528634 0.12846134328594588
3 0.31708191910889016 0.288573183252242 0.05367042154477701 0.09405907220870705
3 0.3531290242986927 0.13565271633153342 0.0474204215447771 0.09402271077238851
2 0.23753986485416406 0.2631095749391815 0.08041472872636941 0.12546360831306053
4 0.5233404885871227 0.42259015583029136 0.06969539734428025 0.16289997579950324
10 0.6042864824388026 0.3410270593228917 0.06972266842151917 0.16758747579950314
2 0.7409830274219507 0.2113491705628184 0.06949540944452863 0.12852497579950323
0 0.4149477682485685 0.11882428551517832 0.0539249515990063 0.137809072208707
3 0.6069125544511179 0.15822364968197128 0.045894282981095456 0.1002636204133089
0 0.5944983919815272 0.2776867219888742 0.05550563231716552 0.14094316256778666
3 0.603451211165172 0.21601796896381206 0.044249969749379045 0.08619203005422929
8 0.5280830516224475 0.27886288172799045 0.052316999803608336 0.12998748184962744
9 0.5237318949083933 0.22102311065075156 0.03486587939029935 0.08457498789975162
7 0.4457245486955812 0.33463563787631045 0.07127607806243948 0.16603406615858277
8 0.5328256146577723 0.13513560762568946 0.05699540944452863 0.1284522529268662
11 0.4796642532214538 0.14107653541698245 0.04913745764913067 0.12059430113146816
1 0.4556404250608185 0.24172143003078822 0.06981357201231528 0.18321247579950323
9 0.5361131993595112 0.3757878787029283 0.045812469749379046 0.0862011204133089