9 0.359375 0.12734375 0.0265625 0.09921875
9 0.35234375 0.296875 0.02890625 0.09296875
9 0.35 0.2140625 0.02890625 0.09453125
9 0.34453125 0.4828125 0.03046875 0.09296875
9 0.3453125 0.3796875 0.03046875 0.1046875
11 0.309375 0.12421875 0.040625 0.13125
3 0.575 0.11796875 0.02734375 0.10546875
9 0.33984375 0.5875 0.03203125 0.09375
9 0.334375 0.69375 0.0328125 0.09140625
6 0.28203125 0.5703125 0.05 0.14296875
7 0.28359375 0.45078125 0.06171875 0.1859375
10 0.2921875 0.3515625 0.05703125 0.18359375
5 0.62578125 0.1 0.034375 0.1296875
3 0.57734375 0.1984375 0.02734375 0.096875
0 0.64921875 0.55546875 0.04453125 0.14765625
3 0.590625 0.4796875 0.03203125 0.09765625
3 0.58515625 0.378125 0.028125 0.090625
1 0.640625 0.43671875 0.05 0.1828125
3 0.59375 0.58125 0.03203125 0.0921875
3 0.490625 0.29296875 0.02734375 0.096875
0 0.63828125 0.25703125 0.03671875 0.15546875
9 0.321875 0.815625 0.0359375 0.09296875
2 0.6359375 0.1828125 0.03828125 0.13828125
3 0.5984375 0.6921875 0.03359375 0.09140625
5 0.659375 0.78671875 0.046875 0.12421875
3 0.6046875 0.8 0.03359375 0.09921875
2 0.665625 0.6671875 0.04765625 0.13125
11 0.26328125 0.8125 0.05390625 0.12578125
8 0.38984375 0.5703125 0.04375 0.13203125
8 0.3015625 0.20625 0.04453125 0.13671875
6 0.30078125 0.27734375 0.03984375 0.1484375
4 0.64296875 0.34609375 0.04921875 0.17734375