9 0.40078125 0.12890625 0.0234375 0.090625
1 0.39140625 0.19609375 0.04140625 0.1734375
8 0.2953125 0.3046875 0.0453125 0.121875
11 0.396875 0.4140625 0.034375 0.11484375
4 0.38828125 0.4765625 0.04453125 0.14921875
11 0.48828125 0.70859375 0.03359375 0.1015625
8 0.58828125 0.48125 0.0390625 0.11953125
9 0.6390625 0.5921875 0.03203125 0.0828125
9 0.4875 0.6109375 0.0296875 0.084375
0 0.28984375 0.49609375 0.0453125 0.13203125
7 0.534375 0.36484375 0.03671875 0.15390625
6 0.61796875 0.20234375 0.0375 0.14140625
3 0.4375 0.615625 0.0296875 0.08515625
0 0.578125 0.28828125 0.034375 0.13125
9 0.4375 0.72421875 0.0296875 0.0828125
10 0.57734375 0.18046875 0.03984375 0.16953125
5 0.64921875 0.7078125 0.0453125 0.10859375
2 0.59140625 0.60390625 0.03671875 0.11015625
3 0.571875 0.1265625 0.0265625 0.09765625
3 0.528125 0.3109375 0.0234375 0.0828125