9 0.66015625 0.13515625 0.03125 0.1
9 0.6578125 0.3046875 0.034375 0.09375
9 0.66484375 0.22265625 0.034375 0.0953125
9 0.65625 0.490625 0.0359375 0.09375
9 0.6609375 0.38828125 0.0359375 0.10625
11 0.71015625 0.134375 0.046875 0.1328125
3 0.4453125 0.11484375 0.0328125 0.10625
9 0.65546875 0.59609375 0.0375 0.0953125
9 0.65546875 0.70234375 0.0375 0.09375
6 0.7140625 0.58125 0.0578125 0.1453125
7 0.71875 0.4625 0.071875 0.1890625
10 0.715625 0.3625 0.0671875 0.1859375
5 0.3953125 0.09375 0.040625 0.13125
3 0.43828125 0.19453125 0.0328125 0.0984375
0 0.3484375 0.54765625 0.0515625 0.15
3 0.4109375 0.475 0.0375 0.0984375
3 0.42109375 0.37421875 0.0328125 0.0921875
1 0.3625 0.4296875 0.059375 0.1859375
3 0.40234375 0.5765625 0.0375 0.09375
3 0.5203125 0.29375 0.0328125 0.0984375
0 0.375 0.25 0.0453125 0.1578125
9 0.66171875 0.82421875 0.040625 0.0953125
2 0.38046875 0.17578125 0.0453125 0.140625
3 0.39140625 0.68671875 0.0390625 0.09375
5 0.32578125 0.778125 0.053125 0.1265625
3 0.3796875 0.79375 0.0390625 0.1015625
2 0.32578125 0.65859375 0.0546875 0.1328125
11 0.7203125 0.82421875 0.0609375 0.128125
8 0.60625 0.57578125 0.05 0.134375
8 0.71328125 0.2171875 0.0515625 0.1390625
6 0.7109375 0.28828125 0.046875 0.15
4 0.365625 0.3390625 0.0578125 0.1796875