9 0.33671875 0.13554102761834239 0.03125 0.09393180718159236
6 0.3359375 0.1878893227978822 0.0453125 0.14713862041330894
5 0.33984375 0.38786659690018316 0.04375 0.1252545300542293
3 0.5234375 0.29070472970832806 0.0265625 0.08609203610435348
3 0.446875 0.5997439073032294 0.0359375 0.09239657825883114
3 0.40859375 0.8304353711006801 0.0359375 0.08614657825883114
3 0.5671875 0.8349814496540988 0.0375 0.08615566861791066
4 0.34296875 0.574567166182024 0.059375 0.1550329336450254
0 0.290625 0.48502794321119114 0.0546875 0.13781816256778665
1 0.4984375 0.558818925453602 0.046875 0.1455852107723885
0 0.57421875 0.2669717930382405 0.0421875 0.14087043969514967
3 0.6109375 0.11441441959986949 0.034375 0.09394998789975162
10 0.56640625 0.15998599483363857 0.046875 0.17371021077238852
11 0.39453125 0.3930171843323965 0.040625 0.11742384933607006
9 0.4515625 0.7083103862259905 0.034375 0.08769998789975161
2 0.45859375 0.8207694796101321 0.046875 0.1080852107723885
9 0.33984375 0.49802284690018317 0.0359375 0.09083407825883114
11 0.5578125 0.6819109918085765 0.0421875 0.11430793969514959
6 0.65078125 0.5712138654433392 0.05 0.13622839149054772
9 0.49453125 0.47759165135130105 0.0328125 0.0751908975406721
7 0.5328125 0.3429939375538503 0.046875 0.1643352107723885
8 0.5953125 0.46138032319066563 0.046875 0.12058521077238851
8 0.44140625 0.471650723560008 0.0453125 0.12057612041330898