3 0.48046875 0.1 0.02578125 0.09765625
6 0.5296875 0.075 0.0296875 0.15
3 0.57109375 0.09140625 0.025 0.09765625
3 0.571875 0.1796875 0.02578125 0.08984375
0 0.57734375 0.234375 0.0328125 0.14140625
8 0.63515625 0.25078125 0.0421875 0.128125
9 0.39375 0.284375 0.0265625 0.09296875
5 0.43671875 0.16171875 0.03203125 0.121875
3 0.57890625 0.36953125 0.02734375 0.08828125
3 0.290625 0.36953125 0.0359375 0.09140625
3 0.534375 0.4671875 0.03046875 0.09296875
0 0.5796875 0.5671875 0.03671875 0.12109375
9 0.34296875 0.184375 0.03203125 0.09375
2 0.48125 0.2625 0.03515625 0.128125
4 0.60078125 0.684375 0.05 0.140625
1 0.4828125 0.4359375 0.03828125 0.1625
5 0.53984375 0.79375 0.0390625 0.11171875
9 0.43828125 0.36953125 0.0265625 0.096875
3 0.38203125 0.80546875 0.03203125 0.08125
3 0.65703125 0.803125 0.0359375 0.08046875
6 0.275 0.4671875 0.0453125 0.13125
9 0.34453125 0.3578125 0.03125 0.09921875
11 0.33203125 0.5671875 0.040625 0.115625
9 0.490625 0.68203125 0.03125 0.08203125
9 0.653125 0.5765625 0.03203125 0.0875
9 0.38671875 0.57734375 0.03125 0.0890625
11 0.384375 0.459375 0.03671875 0.11875
9 0.27265625 0.68359375 0.0359375 0.0875
7 0.3375 0.25078125 0.05234375 0.17265625
10 0.3875 0.34140625 0.0453125 0.171875
2 0.37109375 0.6890625 0.04765625 0.11171875
8 0.4359375 0.45625 0.0390625 0.11796875