10 0.2583993490414825 0.23515625 0.0885726623713949 0.184375
3 0.42851186114173084 0.20078125 0.042751102262936415 0.096875
5 0.5569772287263695 0.125 0.04762040944452863 0.128125
3 0.7164936501729506 0.28359375 0.052126102262936416 0.096875
7 0.31802939997655894 0.41328125 0.08697380093507637 0.178125
5 0.4902811289975159 0.34375 0.05227154800821019 0.121875
4 0.6534396591499411 0.32265625 0.07283857806243947 0.165625
3 0.3147009086589617 0.646875 0.05833974082661779 0.090625
6 0.5663345688890573 0.25625 0.050827222676245044 0.1421875
9 0.7241112283335859 0.384375 0.05052724082661797 0.090625
0 0.21704920383850154 0.64765625 0.09137040944452864 0.128125
9 0.7710736285065366 0.66796875 0.06615224082661797 0.090625
3 0.5734037429679171 0.665625 0.05521474082661797 0.090625
9 0.7533316166026799 0.57265625 0.06301815046753809 0.0890625
1 0.4897412943939729 0.51953125 0.06335449375348397 0.146875
8 0.5741981076256895 0.53359375 0.06010222872636941 0.125
0 0.5803173391807293 0.7796875 0.06627041549465282 0.1109375
9 0.4024458274732643 0.5546875 0.05050906010845857 0.0875
11 0.28813892953980885 0.78125 0.08190450585373252 0.1125
9 0.6432293878763105 0.44765625 0.04738406010845857 0.0875
8 0.40903567417705566 0.34453125 0.06324540944452864 0.128125
6 0.39824518256487096 0.77265625 0.06787836729005096 0.11875
2 0.6687339028052293 0.534375 0.07570904800821018 0.121875
9 0.4932339330558503 0.4484375 0.04425906010845857 0.0875