7 0.7573427838648582 0.47917129030776595 0.10399767447164336 0.15059996369925485
9 0.6705422206331418 0.4937383052366847 0.05518746974937905 0.08625566256778665
6 0.3580649465308408 0.49165012705260835 0.0647715480082102 0.12224770472226432
9 0.4358450337666625 0.4162001542781672 0.04893746974937905 0.08621930113146821
3 0.6623620819712643 0.42269455221162267 0.05517837939029935 0.08469316256778665
5 0.4379347745932803 0.3255660639190876 0.05537836729005097 0.11906816256778666
9 0.4313660911446465 0.5146603801758662 0.04891019867214012 0.08153180113146821
2 0.3503746454975685 0.6049722836684666 0.0787522347764936 0.1082670179539809
2 0.4316473713952675 0.6005933349963264 0.06160109621281222 0.1144170240041051
3 0.36838534387512106 0.3290955848981306 0.04420451795398091 0.07837953005422929
4 0.3657143409482548 0.3853592204367501 0.07437380698520073 0.161364746876742