9 0.35546875 0.19453125 0.028125 0.09921875
9 0.36171875 0.1140625 0.028125 0.10859375
9 0.346875 0.56875 0.0328125 0.1078125
6 0.35078125 0.33125 0.0375 0.15390625
9 0.4453125 0.4546875 0.02734375 0.10390625
9 0.45 0.65546875 0.03046875 0.10234375
9 0.39609375 0.7703125 0.03125 0.1
10 0.4 0.234375 0.0421875 0.19375
6 0.27890625 0.66328125 0.0515625 0.15
3 0.58125 0.1078125 0.028125 0.1125
5 0.59453125 0.259375 0.03515625 0.140625
11 0.396875 0.653125 0.0390625 0.13046875
3 0.6078125 0.553125 0.0328125 0.09609375
3 0.58515625 0.18046875 0.02890625 0.1046875
0 0.646875 0.23125 0.03671875 0.15546875
3 0.5953125 0.35390625 0.02890625 0.0984375
0 0.4984375 0.3328125 0.03515625 0.16328125
9 0.2734375 0.81171875 0.03828125 0.103125
3 0.61484375 0.6640625 0.0359375 0.0984375
3 0.5515625 0.44765625 0.028125 0.10390625
3 0.62265625 0.77265625 0.03515625 0.1015625
2 0.54453125 0.24765625 0.0359375 0.1421875
5 0.67890625 0.75546875 0.05 0.13671875
1 0.55625 0.51796875 0.04375 0.1875
4 0.50078125 0.15390625 0.03515625 0.1859375
2 0.68203125 0.6359375 0.05078125 0.1375
8 0.4 0.54296875 0.04375 0.14140625
8 0.3484375 0.4421875 0.04453125 0.14609375
11 0.3125 0.10703125 0.03984375 0.1296875
9 0.40859375 0.196875 0.025 0.09609375
7 0.44609375 0.31015625 0.04140625 0.19921875
3 0.48828125 0.11484375 0.0234375 0.1046875