9 0.3742045935805335 0.13453706382089176 0.03022383118569749 0.09236021682251275
1 0.3691216629605701 0.2025330848981306 0.05415221057599684 0.17687157220870703
8 0.28017227156821817 0.317890440186129 0.05385222872636941 0.12530907220870696
11 0.388956398228043 0.41881661505055573 0.04286927693097127 0.11743293969514959
4 0.38390073868531854 0.4821251361277946 0.055569264830722886 0.15188066256778665
11 0.4990025221573934 0.7056666543763631 0.04122496369925486 0.10336134933607007
8 0.5839552808397962 0.47158657016560357 0.047584048008210186 0.12214771077238851
9 0.6419263412428424 0.578276931700118 0.03799087939029935 0.08459316861791084
9 0.4917536244203296 0.6088371061717612 0.036437469749379045 0.08614657825883114
0 0.286871202580965 0.5092512383907308 0.05546927088084708 0.13469316256778646
7 0.5228910366935287 0.3594456393492485 0.047784035907961805 0.1565227107723885
6 0.5957432502945876 0.19105873283158603 0.04771131303532492 0.1440227107723885
3 0.4424894226249316 0.6169359524827691 0.03644656010845857 0.08770907825883115
0 0.5616313498270493 0.2803166755517978 0.044522680521767555 0.1330670300542293
9 0.4488888926688982 0.7254887958669108 0.036428379390299345 0.08458407825883114
10 0.553664834603543 0.17255417252673572 0.05256243949875792 0.17217498184962743
5 0.6592269498504905 0.6930161425707023 0.05377041549465282 0.11124657220870696
2 0.5949604376520462 0.5941746424725064 0.044404505853732346 0.11275453005422928
3 0.5445989068122501 0.11948371468121341 0.03339428298109546 0.10019089754067197
3 0.5130438589022357 0.3063797266832659 0.030178379390299347 0.08454771682251269