9 0.36818289431921813 0.17109375 0.02549087939029935 0.084375
9 0.32671755698520066 0.1609375 0.027089740826617793 0.090625
4 0.36451753883482796 0.2125 0.044640855189802583 0.153125
0 0.5908805718159236 0.3125 0.03665563836728971 0.1234375
6 0.4596487525340828 0.315625 0.03193177693097127 0.1171875
0 0.3108941317279904 0.5296875 0.044413596212812045 0.1140625
10 0.5886953822189698 0.20546875 0.04155221662612085 0.159375
6 0.6528367129136878 0.621875 0.04127950585373234 0.1125
3 0.6344755148307228 0.1515625 0.02861587939029935 0.084375
3 0.5064424601832134 0.4359375 0.028597698672140126 0.08125
3 0.5514964058302914 0.52578125 0.028579517953980903 0.078125
9 0.46194458908253344 0.84453125 0.031668156517662284 0.071875
3 0.5105406494855795 0.7375 0.02856133723582168 0.075
11 0.6690167456983916 0.8515625 0.04115224082661797 0.090625
3 0.5836942648307228 0.1515625 0.025563602262936413 0.096875
3 0.4144065137505685 0.86484375 0.03164997579950324 0.06875
8 0.6037356167008758 0.5078125 0.04123405405833438 0.1046875
9 0.45480619554888213 0.1546875 0.022311337235821682 0.075
1 0.45515162919390767 0.2140625 0.038354493753483966 0.146875
9 0.5055419937534842 0.146875 0.022356789031219647 0.0828125
7 0.499651062937129 0.20859375 0.03206813231716552 0.140625
2 0.49797999950902067 0.32421875 0.03192268657189175 0.115625
11 0.412628827669656 0.425 0.0349931444174139 0.10625
5 0.3618884842855143 0.43203125 0.03814541549465282 0.1109375
2 0.4004843934354554 0.7546875 0.041170421544777014 0.09375
8 0.4553572040348933 0.51796875 0.036510192622015936 0.0984375