9 0.4078125 0.2171875 0.0265625 0.0875
9 0.35625 0.21796875 0.028125 0.08515625
3 0.490625 0.11953125 0.0203125 0.0921875
9 0.36171875 0.115625 0.02734375 0.09765625
9 0.35234375 0.63203125 0.03203125 0.0828125
9 0.44765625 0.5171875 0.02734375 0.08359375
6 0.35234375 0.3859375 0.0390625 0.12890625
11 0.31015625 0.11328125 0.04140625 0.12578125
9 0.4515625 0.72890625 0.028125 0.07890625
9 0.4015625 0.85 0.03046875 0.0765625
6 0.2890625 0.7453125 0.04921875 0.10703125
7 0.446875 0.36640625 0.04140625 0.159375
3 0.58515625 0.1109375 0.02890625 0.1015625
3 0.5890625 0.20078125 0.02890625 0.08828125
9 0.28671875 0.8859375 0.03515625 0.075
0 0.65 0.27265625 0.0390625 0.13203125
3 0.5515625 0.50546875 0.03046875 0.0859375
3 0.5953125 0.40234375 0.02890625 0.08203125
11 0.40078125 0.73671875 0.0390625 0.103125
0 0.5 0.390625 0.03359375 0.11875
5 0.59609375 0.296875 0.0375 0.1203125
2 0.546875 0.2828125 0.03671875 0.1171875
10 0.40078125 0.271875 0.04375 0.1671875
3 0.6046875 0.62109375 0.03125 0.0796875
3 0.60859375 0.7390625 0.03359375 0.075
1 0.553125 0.60703125 0.04375 0.1390625
2 0.675 0.721875 0.04765625 0.09765625
5 0.66875 0.84375 0.046875 0.09921875
4 0.50078125 0.17578125 0.0390625 0.17265625
3 0.61484375 0.85703125 0.03359375 0.07890625
8 0.353125 0.5078125 0.046875 0.1109375
8 0.403125 0.62109375 0.04453125 0.09765625