9 0.37421875 0.20234375 0.02734375 0.08828125
5 0.4671875 0.18515625 0.0296875 0.11953125
3 0.46328125 0.10703125 0.02578125 0.08671875
6 0.55546875 0.09375 0.02890625 0.14921875
3 0.65234375 0.1203125 0.02734375 0.0953125
3 0.5984375 0.19765625 0.02578125 0.0875
0 0.603125 0.25390625 0.03359375 0.1375
8 0.6609375 0.26953125 0.0421875 0.12109375
2 0.56328125 0.37578125 0.0359375 0.12109375
3 0.6046875 0.3875 0.0265625 0.09140625
3 0.56171875 0.484375 0.0296875 0.08828125
3 0.609375 0.58046875 0.0296875 0.0828125
9 0.6796875 0.59296875 0.03203125 0.08203125
0 0.56640625 0.69375 0.03515625 0.11484375
5 0.5171875 0.69765625 0.034375 0.1109375
4 0.5171875 0.80703125 0.04140625 0.1359375
9 0.465625 0.8 0.03125 0.07890625
3 0.41484375 0.81796875 0.03203125 0.084375
9 0.36015625 0.70703125 0.03203125 0.08359375
7 0.3515625 0.8046875 0.0578125 0.13984375
2 0.40234375 0.69921875 0.04296875 0.10859375
3 0.309375 0.6984375 0.03515625 0.08203125
6 0.365625 0.56875 0.0390625 0.11953125
9 0.4171875 0.59375 0.02890625 0.08359375
11 0.36796875 0.48359375 0.03828125 0.11640625
11 0.41484375 0.47578125 0.03515625 0.11484375
8 0.465625 0.47265625 0.03671875 0.11015625
1 0.51015625 0.453125 0.03515625 0.15859375
9 0.46796875 0.38359375 0.02578125 0.0828125
10 0.4171875 0.3578125 0.04140625 0.16484375
9 0.42265625 0.3 0.025 0.08984375
9 0.37578125 0.37578125 0.0265625 0.09296875