3 0.41796875 0.253125 0.03359375 0.08671875
4 0.40546875 0.3 0.0609375 0.1546875
9 0.246875 0.57578125 0.05390625 0.07734375
5 0.73125 0.24609375 0.059375 0.109375
6 0.6421875 0.76328125 0.06328125 0.1015625
9 0.7203125 0.18671875 0.0453125 0.08359375
3 0.39296875 0.665625 0.04765625 0.07890625
1 0.8015625 0.653125 0.10390625 0.12421875
11 0.2234375 0.66328125 0.07578125 0.103125
3 0.63125 0.6765625 0.04921875 0.07734375
5 0.7765625 0.56484375 0.0734375 0.10234375
9 0.47734375 0.48125 0.03828125 0.075
6 0.66875 0.23671875 0.05 0.125
10 0.61953125 0.453125 0.06640625 0.14296875
0 0.38828125 0.78203125 0.06015625 0.09765625
3 0.65703125 0.18828125 0.04375 0.08828125
8 0.615625 0.3875 0.05625 0.10703125
7 0.4640625 0.5359375 0.06171875 0.1375