9 0.6484375 0.21015625 0.0328125 0.0875
10 0.55390625 0.1953125 0.04375 0.1671875
3 0.42578125 0.19375 0.0296875 0.0875
9 0.57734375 0.11953125 0.0265625 0.096875
3 0.44765625 0.478125 0.03125 0.0828125
9 0.6375 0.3828125 0.0328125 0.0875
6 0.3734375 0.171875 0.0453125 0.1390625
9 0.5 0.4765625 0.03125 0.090625
0 0.50234375 0.36875 0.0375 0.121875
9 0.328125 0.5796875 0.0359375 0.08125
9 0.5328125 0.6921875 0.0328125 0.0765625
3 0.51953125 0.1203125 0.03125 0.0984375
9 0.6859375 0.7078125 0.0390625 0.0828125
5 0.4234375 0.79921875 0.0421875 0.103125
11 0.53203125 0.48203125 0.0359375 0.10625
1 0.47734375 0.66484375 0.04375 0.1328125
3 0.4328125 0.6921875 0.034375 0.078125
9 0.67890625 0.8421875 0.0359375 0.0765625
3 0.31015625 0.80390625 0.040625 0.0765625
3 0.4734375 0.81015625 0.0328125 0.0765625
11 0.634375 0.590625 0.04375 0.1078125
5 0.50859375 0.2953125 0.0359375 0.1046875
0 0.40078125 0.578125 0.0421875 0.1140625
4 0.509375 0.17734375 0.04375 0.15625
6 0.69609375 0.496875 0.0484375 0.1203125
2 0.59140625 0.70703125 0.0453125 0.1046875
2 0.4328125 0.57890625 0.0421875 0.10625
3 0.4109375 0.38203125 0.0296875 0.0828125
8 0.36171875 0.26328125 0.046875 0.1171875
3 0.4328125 0.10546875 0.03125 0.0921875
7 0.65 0.27890625 0.053125 0.15625