10 0.7302016261688455 0.22265625 0.09953743344863372 0.1890625
3 0.5581811804235717 0.19765625 0.04744769262201594 0.0984375
5 0.42496415944452864 0.128125 0.05544199980360833 0.1296875
3 0.2759368278660478 0.2953125 0.05683178298109555 0.1
7 0.6820373578220812 0.40390625 0.09636698165323558 0.18125
5 0.5059015838179761 0.34296875 0.05853063836728971 0.1234375
4 0.3409851109453391 0.33046875 0.0822317587805987 0.16875
3 0.7005793213249442 0.63671875 0.06303633118569749 0.0921875
6 0.4241697947867563 0.26015625 0.058657903394404444 0.1453125
9 0.2749606560266831 0.39609375 0.056795421544777014 0.09375
0 0.7974315954272452 0.6328125 0.09921018052176755 0.1328125
9 0.24615544173825316 0.68203125 0.07085792154477702 0.09375
3 0.44295317368607634 0.66875 0.05991133118569749 0.0921875
9 0.25731513465485667 0.5859375 0.0677238311856974 0.0921875
1 0.5170804992144331 0.51875 0.07118517447164337 0.15
8 0.4335958335233885 0.5375 0.06793290944452864 0.128125
0 0.44362131507842834 0.78359375 0.07253859621281222 0.1140625
9 0.6063202612164856 0.54921875 0.055205650467538094 0.0890625
11 0.7349457518467117 0.76953125 0.08817268657189174 0.115625
9 0.3596810896717086 0.45546875 0.05208974082661779 0.090625
8 0.5863521530998168 0.33984375 0.07108518052176756 0.1328125
6 0.6247713211285525 0.76640625 0.07414654800821019 0.121875
2 0.33987764978016716 0.54296875 0.08041472872636941 0.125
9 0.5096356378763105 0.44765625 0.048955650467538095 0.0890625