3 0.4078841811109427 0.25386832592114017 0.03644656010845857 0.08770907825883123
4 0.3966739703385541 0.30080695843469746 0.06653403590796181 0.15663179508134392
9 0.24660020570422297 0.5829205425472612 0.056713608313060514 0.08001475292686636
5 0.7204887202403583 0.2340815041052166 0.06314541549465283 0.11130111436318471
6 0.6471536758463854 0.7540218202637994 0.06778746369925485 0.10351588544042353
9 0.7083341538853838 0.17477922697785356 0.04892837939029935 0.08465680113146812
3 0.39454228113438383 0.6672132084346976 0.050472698672140125 0.08154089149054791
1 0.8032951124182771 0.6374923295353774 0.10855790944452863 0.1287522347764936
11 0.2257741004162246 0.6713199672152962 0.08030564441741399 0.1067136083130606
3 0.6335911455957645 0.668166133495516 0.05202610831306061 0.07998748184962742
5 0.7756746273471959 0.5509372059988106 0.07717155405833438 0.1051329275949012
9 0.4737581242239379 0.4792586904807166 0.041070427594901204 0.07679884933607006
6 0.6580296268562165 0.22741386846840134 0.05542381908544911 0.12688066256778666
10 0.6153552717646099 0.44562351298401115 0.07272040339440444 0.14573065651766245
0 0.3938650493829523 0.7836194584346975 0.06464428298109545 0.10037270472226431
3 0.6450301779876847 0.17905363652057807 0.04739315046753827 0.08933521077238851
8 0.6094870668459539 0.3800348744203297 0.0600113251355733 0.1097204336450254
7 0.46249791647661154 0.5347910729942739 0.067996541958086 0.13945338544042354