9 0.3671875 0.17109375 0.02421875 0.084375
9 0.32578125 0.1609375 0.0265625 0.090625
4 0.36328125 0.2125 0.04375 0.153125
0 0.5890625 0.3125 0.0359375 0.1234375
6 0.4578125 0.315625 0.03203125 0.1171875
0 0.3078125 0.5296875 0.04296875 0.1140625
10 0.5875 0.20546875 0.040625 0.159375
6 0.64921875 0.621875 0.040625 0.11171875
3 0.63359375 0.1515625 0.02890625 0.084375
3 0.50390625 0.4359375 0.028125 0.08203125
3 0.5484375 0.52578125 0.02890625 0.07890625
9 0.45703125 0.84453125 0.03046875 0.07109375
3 0.50625 0.7375 0.02890625 0.07421875
11 0.6640625 0.8515625 0.04140625 0.09140625
3 0.5828125 0.1515625 0.025 0.09609375
3 0.409375 0.86484375 0.03046875 0.06953125
8 0.60078125 0.5078125 0.03984375 0.1046875
9 0.45390625 0.1546875 0.02109375 0.07578125
1 0.45390625 0.2140625 0.0375 0.14765625
9 0.5046875 0.146875 0.021875 0.0828125
7 0.4984375 0.20859375 0.03203125 0.14140625
2 0.49609375 0.32421875 0.03046875 0.11484375
11 0.41015625 0.425 0.03515625 0.10703125
5 0.359375 0.43203125 0.0375 0.1109375
2 0.39609375 0.7546875 0.040625 0.09453125
8 0.45234375 0.51796875 0.0359375 0.0984375