9 0.3939898527539156 0.22964361084714327 0.034820427594901296 0.07676248789975162
3 0.7114762928418488 0.4486855440993853 0.041079517953980904 0.07836134933607006
3 0.7242166664766115 0.541731562151562 0.05359769867214013 0.08155907220870695
3 0.7033370607958297 0.3705105471244474 0.042642017953980905 0.07837043969514959
3 0.6959654432111911 0.29468384532904934 0.041070427594901204 0.07679884933607006
9 0.381076241415793 0.3006646379745063 0.03792724687674207 0.07365566861791084
9 0.3838012656162898 0.3694328186926656 0.041061337235821685 0.07523634933607007
3 0.7330826063681529 0.6292861043060398 0.05356133723582168 0.07530907220870695
11 0.3244995093697739 0.22220783986810028 0.05374314441741408 0.10655907220870695
9 0.3763200428418488 0.4467356620768072 0.039498837235821684 0.07522725897699054
3 0.6893296238311545 0.22667418871319103 0.04109769867214012 0.08148634933607006
0 0.7886342113615636 0.3467872216942866 0.06783291549465283 0.11132838544042353
6 0.3111995577707676 0.35963511699546336 0.060047686571891745 0.11597043364502539
0 0.8191291906771083 0.6110360740554187 0.0881363251355733 0.10988406010845857
3 0.7442332089256768 0.7270105319991369 0.056668156517662285 0.07220225292686636
5 0.7628353015242515 0.21538268558993307 0.05681360226293641 0.09720225292686627
2 0.7811762353656688 0.28580426989888846 0.0662613251355733 0.10975679508134392
9 0.3682570370863122 0.624038505460949 0.04578519867214013 0.08151362041330898
3 0.7576866548673424 0.8317798452308534 0.05823974687674216 0.07377384328594587
4 0.8014745789462022 0.42264573974646336 0.09147040339440445 0.1458397408266178
1 0.8064660850945223 0.5047088060032421 0.09456813231716552 0.14117042154477702
6 0.2855218051384889 0.6102754664297293 0.07249314441741399 0.10666815651766245
9 0.3638008203619953 0.71854702956325 0.047311337235821684 0.07527271077238851
10 0.3006842385871226 0.42129477966144585 0.07895222267624522 0.1426420179539809
8 0.3154785124930319 0.2955953428931624 0.05683178298109546 0.10032725292686626
7 0.2892194977605048 0.5118561471478886 0.08364881303532483 0.14423178903121964
5 0.8421298325604397 0.8205519746211529 0.08805451190385653 0.09582156010845858
9 0.34438722414918316 0.8325004452542946 0.05039997579950324 0.0690408914905479
9 0.375838253810629 0.5295481620768073 0.041061337235821685 0.07523634933607007
2 0.8451189980550924 0.7096281101597721 0.08644656010845857 0.08799996974937904
11 0.259258245226422 0.8273175206844554 0.0755272408266178 0.09106133723582169
8 0.2677707028755526 0.7070504724798534 0.07861587939029935 0.0848295179539809