9 0.41484375 0.12734375 0.025 0.096875
5 0.45625 0.196875 0.0296875 0.12578125
2 0.4984375 0.28984375 0.03203125 0.13046875
3 0.5484375 0.2203125 0.025 0.096875
6 0.54609375 0.1046875 0.02890625 0.14921875
3 0.5875 0.20859375 0.0234375 0.08984375
3 0.64375 0.134375 0.02734375 0.09609375
0 0.59140625 0.25625 0.03203125 0.1421875
3 0.5953125 0.396875 0.0265625 0.09375
9 0.64453125 0.496875 0.028125 0.08828125
9 0.4640625 0.41171875 0.0265625 0.0921875
9 0.45546875 0.49296875 0.028125 0.08203125
9 0.36328125 0.3875 0.028125 0.09140625
9 0.45078125 0.8140625 0.03125 0.08203125
9 0.34375 0.71796875 0.03359375 0.08671875
9 0.3625 0.2171875 0.02734375 0.090625
3 0.5515625 0.49453125 0.0296875 0.09375
11 0.45703125 0.5734375 0.03515625 0.1171875
11 0.39921875 0.578125 0.0375 0.11640625
1 0.4515625 0.6921875 0.04296875 0.15234375
3 0.49765625 0.70546875 0.03046875 0.08828125
5 0.50625 0.8359375 0.03515625 0.1171875
0 0.56015625 0.82265625 0.03671875 0.1171875
4 0.6140625 0.8109375 0.05078125 0.14140625
3 0.4 0.83359375 0.0328125 0.0875
7 0.334375 0.81640625 0.0609375 0.15078125
3 0.2921875 0.7109375 0.0390625 0.0859375
8 0.55625 0.69296875 0.03828125 0.1109375
8 0.61640625 0.715625 0.04296875 0.11328125
6 0.35078125 0.4828125 0.0421875 0.134375
10 0.29453125 0.46015625 0.0578125 0.17265625
2 0.3875 0.71171875 0.0453125 0.115625