9 0.2890625 0.80390625 0.0453125 0.1015625
9 0.31171875 0.67734375 0.040625 0.103125
9 0.3234375 0.56796875 0.040625 0.1046875
3 0.58359375 0.80390625 0.0421875 0.103125
9 0.3359375 0.45546875 0.0375 0.103125
11 0.2265625 0.79296875 0.0671875 0.140625
9 0.34453125 0.36328125 0.0375 0.103125
3 0.584375 0.69296875 0.0421875 0.0984375
5 0.6421875 0.7890625 0.059375 0.1375
3 0.5875 0.57578125 0.040625 0.1015625
9 0.35703125 0.271875 0.0375 0.1015625
7 0.440625 0.42265625 0.059375 0.2
3 0.5890625 0.47734375 0.040625 0.10625
8 0.37734375 0.54921875 0.0546875 0.140625
3 0.50078125 0.27734375 0.0375 0.10625
8 0.31171875 0.17109375 0.05625 0.1484375
9 0.3609375 0.18515625 0.0359375 0.1078125
9 0.3734375 0.09765625 0.0359375 0.1125
3 0.59140625 0.37109375 0.0375 0.103125
6 0.30546875 0.24453125 0.053125 0.1609375
3 0.5953125 0.1890625 0.034375 0.0984375
0 0.646875 0.553125 0.059375 0.159375
3 0.596875 0.11015625 0.0359375 0.109375
5 0.65078125 0.09609375 0.04375 0.1328125
4 0.65390625 0.3390625 0.0640625 0.1859375
2 0.65625 0.18046875 0.05 0.146875
0 0.653125 0.25 0.046875 0.1578125
11 0.325 0.08984375 0.0515625 0.1359375
10 0.29140625 0.3203125 0.071875 0.1984375
6 0.26484375 0.54375 0.0609375 0.1578125
1 0.6453125 0.43515625 0.0640625 0.196875
2 0.65546875 0.66953125 0.0609375 0.1421875