4 0.3921875 0.240625 0.06875 0.16953125
3 0.40625 0.19609375 0.04140625 0.09140625
6 0.53046875 0.171875 0.0453125 0.13359375
9 0.3890625 0.428125 0.046875 0.08984375
11 0.38359375 0.50859375 0.0609375 0.1109375
9 0.678125 0.26953125 0.0453125 0.090625
7 0.45703125 0.4828125 0.0671875 0.15859375
3 0.6640625 0.1328125 0.0453125 0.10078125
9 0.471875 0.43515625 0.040625 0.0859375
9 0.68984375 0.35 0.04921875 0.08671875
6 0.45859375 0.73984375 0.0609375 0.11328125
0 0.37421875 0.75078125 0.0671875 0.1078125
3 0.37890625 0.62734375 0.053125 0.0859375
3 0.459375 0.6296875 0.05 0.084375
5 0.6703125 0.18203125 0.05078125 0.1140625
5 0.53984375 0.4140625 0.05078125 0.1046875
1 0.54375 0.4921875 0.0609375 0.1515625
2 0.53046875 0.32578125 0.05390625 0.1171875
8 0.53359375 0.25 0.04921875 0.125
10 0.3875 0.32109375 0.0703125 0.16953125