9 0.3109375 0.81796875 0.03828125 0.09921875
9 0.32421875 0.68984375 0.034375 0.1015625
9 0.32890625 0.58046875 0.03359375 0.103125
3 0.6046875 0.79765625 0.03515625 0.10078125
9 0.33359375 0.4671875 0.03125 0.10078125
11 0.24765625 0.81171875 0.0578125 0.1375
9 0.33515625 0.37421875 0.03046875 0.10078125
3 0.59765625 0.68671875 0.03515625 0.096875
5 0.66171875 0.778125 0.05078125 0.13359375
3 0.5921875 0.56953125 0.03359375 0.09921875
9 0.34140625 0.28203125 0.03125 0.09921875
7 0.43515625 0.42734375 0.04609375 0.196875
3 0.5875 0.47109375 0.03359375 0.1046875
8 0.38125 0.5578125 0.0453125 0.1375
3 0.48515625 0.278125 0.0296875 0.10390625
8 0.2890625 0.18515625 0.046875 0.14609375
9 0.3390625 0.1953125 0.02890625 0.10546875
9 0.34609375 0.1078125 0.02890625 0.11015625
3 0.58203125 0.36484375 0.03125 0.10078125
6 0.28828125 0.25859375 0.04296875 0.1578125
3 0.5734375 0.1828125 0.02734375 0.096875
0 0.65 0.54296875 0.0484375 0.15703125
3 0.56953125 0.1046875 0.02890625 0.1078125
5 0.621875 0.08671875 0.03515625 0.13125
4 0.6421875 0.32890625 0.0515625 0.1828125
2 0.63359375 0.1703125 0.040625 0.14453125
0 0.63515625 0.23984375 0.03671875 0.15625
11 0.296875 0.103125 0.0421875 0.13359375
10 0.2796875 0.33515625 0.05859375 0.1953125
6 0.26875 0.56015625 0.05078125 0.15390625
1 0.640625 0.425 0.05078125 0.19375
2 0.6671875 0.65859375 0.05078125 0.13828125