9 0.3296875 0.12109375 0.02734375 0.09296875
4 0.31328125 0.1671875 0.05 0.16484375
9 0.415625 0.1109375 0.0265625 0.0953125
9 0.365625 0.203125 0.02890625 0.08671875
0 0.4125 0.265625 0.034375 0.13984375
10 0.55 0.1734375 0.03671875 0.165625
1 0.409375 0.17421875 0.03984375 0.1609375
3 0.54921875 0.11015625 0.02421875 0.084375
9 0.35703125 0.715625 0.0328125 0.08125
5 0.36328125 0.38828125 0.03828125 0.11015625
6 0.35859375 0.48046875 0.03828125 0.11171875
9 0.54765625 0.60390625 0.02890625 0.078125
6 0.65546875 0.5828125 0.03984375 0.1140625
11 0.4625 0.56875 0.0328125 0.10234375
9 0.459375 0.80390625 0.03046875 0.075
11 0.4078125 0.571875 0.0359375 0.103125
3 0.509375 0.39609375 0.028125 0.0859375
3 0.64375 0.378125 0.02890625 0.08671875
7 0.34921875 0.81484375 0.05625 0.125
8 0.6078125 0.46796875 0.0390625 0.10859375
3 0.55390625 0.4875 0.0296875 0.08359375
3 0.30703125 0.7078125 0.0359375 0.0765625
3 0.509375 0.69765625 0.0296875 0.0765625
5 0.50859375 0.828125 0.03515625 0.0984375
2 0.3984375 0.70625 0.040625 0.09453125
3 0.41015625 0.82265625 0.03046875 0.07578125
8 0.61875 0.709375 0.0421875 0.090625
2 0.5015625 0.28359375 0.03359375 0.12265625
3 0.5953125 0.2015625 0.02734375 0.08828125
0 0.5953125 0.2765625 0.0328125 0.1265625