9 0.3699408370394299 0.2046875 0.02864315046753818 0.0890625
5 0.4628005027304745 0.1859375 0.031949957649130487 0.1203125
3 0.4568772347764936 0.1078125 0.02707156010845857 0.0875
6 0.5489783763652373 0.09296875 0.03212267447164337 0.15
3 0.6459988221105111 0.11796875 0.030242011903856714 0.0953125
3 0.594109590064492 0.19609375 0.02707156010845857 0.0875
0 0.5999055929913583 0.25234375 0.036737451599006474 0.1375
8 0.6585811562230748 0.26640625 0.04445904800821019 0.121875
2 0.5631191861791083 0.375 0.03820904800821019 0.121875
3 0.6045890686926656 0.3859375 0.02866133118569749 0.0921875
3 0.5645322161351417 0.48359375 0.03176815046753827 0.0890625
3 0.6143054780389983 0.57890625 0.03173178903121965 0.0828125
9 0.6846816105525557 0.58984375 0.03329428903121965 0.0828125
0 0.5735582790722706 0.6921875 0.03817268657189175 0.115625
5 0.5243713453290493 0.69765625 0.036582915494652826 0.1109375
4 0.5273514204646226 0.80703125 0.044540861239926774 0.1359375
9 0.47575255902830416 0.80078125 0.033276108313060604 0.0796875
3 0.42508039333725944 0.81953125 0.03330337939029935 0.084375
9 0.36818952302214647 0.709375 0.03330337939029935 0.084375
7 0.36172642046462256 0.80703125 0.06175563231716552 0.140625
2 0.4095457760472085 0.70078125 0.0459488251355733 0.109375
3 0.31658157122674835 0.7015625 0.036419289031219736 0.0828125
6 0.37051002624360024 0.57109375 0.04132495764913049 0.1203125
9 0.4222134268093344 0.5953125 0.030178379390299347 0.084375
11 0.37079585167376117 0.4859375 0.04130677693097127 0.1171875
11 0.41683960469882325 0.47734375 0.03817268657189175 0.115625
8 0.46759812880112417 0.4734375 0.03970791549465282 0.1109375
1 0.5120112041330891 0.453125 0.03842721662612103 0.159375
9 0.4678612283335859 0.384375 0.027044289031219648 0.0828125
10 0.41693453258831203 0.359375 0.044713578062439474 0.165625
9 0.42128568930236626 0.3015625 0.02708974082661797 0.090625
9 0.37563736689726746 0.378125 0.028670421544777013 0.09375