9 0.6453125 0.13125 0.03125 0.09375
4 0.51015625 0.18203125 0.04375 0.15625
3 0.52421875 0.12421875 0.028125 0.0875
9 0.59921875 0.215625 0.0328125 0.090625
9 0.64765625 0.2171875 0.034375 0.0859375
3 0.43671875 0.109375 0.0328125 0.096875
9 0.4953125 0.478125 0.0328125 0.0921875
9 0.67421875 0.71015625 0.0375 0.0796875
0 0.5 0.36796875 0.040625 0.134375
5 0.50625 0.29140625 0.0375 0.1125
10 0.55625 0.1984375 0.0453125 0.1546875
6 0.63828125 0.378125 0.04375 0.125
3 0.428125 0.1921875 0.0328125 0.0859375
9 0.52421875 0.6921875 0.0328125 0.0765625
3 0.40859375 0.3828125 0.0328125 0.084375
11 0.5921875 0.30234375 0.040625 0.1140625
6 0.6203125 0.7 0.0453125 0.109375
3 0.44375 0.4796875 0.034375 0.084375
0 0.3921875 0.57421875 0.0421875 0.1125
9 0.56484375 0.80546875 0.0328125 0.0765625
7 0.55 0.35625 0.0484375 0.1546875
3 0.425 0.69140625 0.0359375 0.078125
9 0.61328125 0.8203125 0.0359375 0.0765625
11 0.57265625 0.696875 0.040625 0.1015625
2 0.42734375 0.57578125 0.0421875 0.1015625
5 0.4140625 0.79609375 0.04375 0.1
3 0.46328125 0.81015625 0.0359375 0.0765625
3 0.3640625 0.803125 0.0359375 0.071875
2 0.4625 0.275 0.0421875 0.125
8 0.5765625 0.5921875 0.046875 0.1046875
8 0.4796875 0.5734375 0.0421875 0.1
1 0.471875 0.66484375 0.0453125 0.1359375