3 0.590625 0.3515625 0.040625 0.08828125
11 0.328125 0.19296875 0.05390625 0.10703125
11 0.2671875 0.8171875 0.07890625 0.0953125
9 0.39765625 0.19765625 0.0375 0.08828125
3 0.71015625 0.196875 0.04375 0.090625
6 0.315625 0.3296875 0.06015625 0.11953125
3 0.73359375 0.42890625 0.0484375 0.08203125
9 0.35234375 0.81875 0.05078125 0.0703125
9 0.38671875 0.27265625 0.0390625 0.08125
9 0.390625 0.34609375 0.040625 0.08046875
9 0.38203125 0.42578125 0.040625 0.07734375
6 0.290625 0.59453125 0.07109375 0.10234375
5 0.8640625 0.81328125 0.09453125 0.096875
5 0.78984375 0.18359375 0.06171875 0.11015625
9 0.38203125 0.5125 0.04375 0.07890625
9 0.375 0.6078125 0.04609375 0.07890625
8 0.45 0.59609375 0.05859375 0.09375
3 0.7640625 0.71640625 0.059375 0.0734375
3 0.7765625 0.8234375 0.06015625 0.0734375
9 0.37109375 0.70546875 0.0453125 0.07109375
2 0.86953125 0.7015625 0.09296875 0.09296875
0 0.8453125 0.59765625 0.0921875 0.1078125
1 0.83203125 0.49140625 0.09921875 0.14921875
3 0.75390625 0.6125 0.05703125 0.0765625
3 0.74375 0.525 0.05546875 0.08515625
4 0.82890625 0.40078125 0.0953125 0.153125
3 0.7171875 0.265625 0.04375 0.08125
0 0.815625 0.321875 0.06953125 0.13203125
2 0.809375 0.2609375 0.06875 0.12578125
7 0.2921875 0.4875 0.08671875 0.14453125
10 0.30546875 0.39375 0.0796875 0.1515625
8 0.3171875 0.26328125 0.0609375 0.1125