3 0.6203125 0.6778276225546083 0.0546875 0.10813066256778665
11 0.81875 0.6719508481577197 0.0953125 0.1443045119038567
3 0.34765625 0.687178854895215 0.0578125 0.10033634328594587
0 0.63046875 0.7989804598886258 0.075 0.14887383723582168
5 0.1859375 0.5682692527304745 0.0828125 0.12548178903121965
9 0.78828125 0.580367336155667 0.0625 0.0956761143631848
5 0.25546875 0.2577362737095175 0.0625 0.12380111436318471
3 0.3359375 0.20976692720211781 0.04375 0.09556703005422928
10 0.36640625 0.4497879392041703 0.0765625 0.1832579275949012
6 0.3296875 0.7753555657657993 0.078125 0.1520170179539809
4 0.60078125 0.30037024306611304 0.06875 0.18164997579950323
9 0.27109375 0.2117334273003137 0.046875 0.08933521077238851
7 0.53671875 0.5273412883438487 0.071875 0.1832306565176623
1 0.15078125 0.6493147196511831 0.121875 0.1757090480082102
3 0.58984375 0.2635878605525557 0.040625 0.09711134933607006
6 0.321875 0.24640386397040123 0.059375 0.1534704336450255
8 0.371875 0.388101005460949 0.0703125 0.13478406615858277
9 0.52421875 0.4897685654712117 0.04375 0.09712953005422928