11 0.21875 0.63203125 0.08671875 0.1140625
9 0.325 0.634375 0.0515625 0.090625
9 0.2609375 0.365625 0.0578125 0.0875
9 0.33359375 0.27421875 0.04375 0.08515625
6 0.4015625 0.4296875 0.053125 0.1265625
5 0.846875 0.66015625 0.0875 0.1109375
9 0.62421875 0.28515625 0.04296875 0.0859375
3 0.64375 0.6515625 0.053125 0.0828125
5 0.4890625 0.75546875 0.0578125 0.10546875
3 0.396875 0.66484375 0.05078125 0.08203125
6 0.55 0.428125 0.0515625 0.12578125
3 0.6921875 0.296875 0.04765625 0.09140625
3 0.66484375 0.14140625 0.04140625 0.09140625
2 0.77265625 0.27578125 0.07265625 0.121875
4 0.478125 0.41796875 0.06015625 0.159375
10 0.40234375 0.33203125 0.06015625 0.16484375
2 0.2734375 0.19453125 0.0625 0.12578125
0 0.6046875 0.12109375 0.04609375 0.1359375
3 0.41015625 0.14921875 0.03984375 0.09765625
0 0.415625 0.26953125 0.04765625 0.1390625
3 0.41015625 0.20703125 0.0390625 0.08359375
8 0.48203125 0.27421875 0.0453125 0.12734375
9 0.48984375 0.2171875 0.0296875 0.0828125
7 0.5609375 0.33515625 0.06171875 0.16328125
8 0.4859375 0.13046875 0.04921875 0.125
11 0.53828125 0.13984375 0.0421875 0.11875
1 0.55625 0.24140625 0.06015625 0.18046875
9 0.46875 0.37109375 0.04140625 0.08359375