3 0.407329669207086 0.3515625 0.04113406010845857 0.0875
11 0.6707523406536673 0.19296875 0.0537431444174139 0.10625
11 0.72805824220136 0.8171875 0.07867951190385672 0.0953125
9 0.6011938195764284 0.19765625 0.03800906010845857 0.0875
3 0.2886983647559681 0.196875 0.04427724082661779 0.090625
6 0.6824569342342006 0.3296875 0.060065867290050964 0.11875
3 0.2639109464326449 0.42890625 0.04891019867214012 0.08125
9 0.6428929018422803 0.81875 0.05040906615858276 0.0703125
9 0.6116949823406067 0.27265625 0.03953519867214013 0.08125
9 0.6073614854638647 0.34609375 0.04109769867214012 0.08125
9 0.6154916271508042 0.42578125 0.041079517953980904 0.078125
6 0.7059161183702054 0.59453125 0.07247496369925485 0.103125
5 0.131205968099059 0.81328125 0.09431360226293628 0.096875
5 0.20908813280814492 0.18359375 0.06313632513557321 0.109375
9 0.6149871122218854 0.5125 0.04420451795398091 0.078125
9 0.6214638503180288 0.6078125 0.04732951795398073 0.078125
8 0.5465320280111259 0.59609375 0.05992042154477702 0.09375
3 0.2317695703619953 0.71640625 0.05980224687674198 0.0734375
3 0.21864688076504146 0.8234375 0.05980224687674198 0.0734375
9 0.6248019528755526 0.70546875 0.04573065651766246 0.071875
2 0.12638717877325165 0.7015625 0.09429542154477706 0.09375
0 0.15121043765204623 0.59765625 0.0928147347764936 0.1078125
1 0.16510983206946023 0.49140625 0.10087267447164332 0.15
3 0.24253032924078982 0.6125 0.056695427594901204 0.0765625
3 0.25319563934924844 0.525 0.05674087939029935 0.084375
4 0.16876207289607806 0.40078125 0.0962033551898025 0.153125
3 0.281267138956465 0.265625 0.044222698672140126 0.08125
0 0.18250238602959876 0.321875 0.06951359016268785 0.13125
2 0.18910691003370386 0.2609375 0.06947722872636941 0.125
7 0.7049763079671593 0.4875 0.08833631303532492 0.14375
10 0.6922404795119363 0.39375 0.08056926483072288 0.1515625
8 0.6812807744950844 0.26328125 0.06159200585373235 0.1125