9 0.375 0.13453706382089176 0.0296875 0.09236021682251275
1 0.3703125 0.2025330848981306 0.053125 0.17687157220870703
8 0.28203125 0.317890440186129 0.053125 0.12530907220870696
11 0.39140625 0.41881661505055573 0.0421875 0.11743293969514959
4 0.38671875 0.4821251361277946 0.0546875 0.15188066256778665
11 0.503125 0.7056666543763631 0.040625 0.10336134933607007
8 0.58671875 0.47158657016560357 0.046875 0.12214771077238851
9 0.6453125 0.578276931700118 0.0375 0.08459316861791084
9 0.4953125 0.6088371061717612 0.0359375 0.08614657825883114
0 0.28984375 0.5092512383907308 0.0546875 0.13469316256778646
7 0.525 0.3594456393492485 0.046875 0.1565227107723885
6 0.596875 0.19105873283158603 0.046875 0.1440227107723885
3 0.44609375 0.6169359524827691 0.0359375 0.08770907825883115
0 0.56328125 0.2803166755517978 0.04375 0.1330670300542293
9 0.453125 0.7254887958669108 0.0359375 0.08458407825883114
10 0.5546875 0.17255417252673572 0.0515625 0.17217498184962743
5 0.66328125 0.6930161425707023 0.053125 0.11124657220870696
2 0.5984375 0.5941746424725064 0.04375 0.11275453005422928
3 0.5453125 0.11948371468121341 0.0328125 0.10019089754067197
3 0.51484375 0.3063797266832659 0.0296875 0.08454771682251269