9 0.36640625 0.18984375 0.03125 0.1
9 0.375 0.109375 0.03125 0.109375
9 0.34453125 0.56328125 0.0359375 0.109375
6 0.35703125 0.32578125 0.0421875 0.1546875
9 0.446875 0.453125 0.03125 0.1046875
9 0.44453125 0.65390625 0.034375 0.103125
9 0.38671875 0.76640625 0.034375 0.1015625
10 0.409375 0.23125 0.0484375 0.1953125
6 0.2734375 0.65546875 0.05625 0.1515625
3 0.59453125 0.1109375 0.0328125 0.1140625
5 0.603125 0.2625 0.040625 0.1421875
11 0.39140625 0.64921875 0.04375 0.13125
3 0.60625 0.55703125 0.0359375 0.096875
3 0.59609375 0.18359375 0.0328125 0.10625
0 0.65625 0.23671875 0.0421875 0.15625
3 0.6 0.35703125 0.0328125 0.1
0 0.50390625 0.3328125 0.040625 0.1640625
9 0.2625 0.80390625 0.0421875 0.1046875
3 0.609375 0.66796875 0.0390625 0.1
3 0.553125 0.44921875 0.03125 0.1046875
3 0.61328125 0.7765625 0.0390625 0.103125
2 0.553125 0.24921875 0.040625 0.14375
5 0.66953125 0.76171875 0.0546875 0.1390625
1 0.55546875 0.51953125 0.05 0.1890625
4 0.5125 0.15390625 0.0421875 0.1875
2 0.67734375 0.6421875 0.05625 0.1390625
8 0.3984375 0.5390625 0.0484375 0.1421875
8 0.35078125 0.43671875 0.05 0.146875
11 0.3265625 0.10078125 0.04375 0.13125
9 0.41953125 0.19375 0.028125 0.096875
7 0.453125 0.30859375 0.0484375 0.2
3 0.5015625 0.11484375 0.0265625 0.1046875