11 0.77421875 0.646875 0.0921875 0.11875
9 0.66796875 0.64296875 0.05625 0.09375
9 0.74609375 0.378125 0.0625 0.090625
9 0.678125 0.28359375 0.0484375 0.0875
6 0.60234375 0.43515625 0.059375 0.1296875
5 0.1453125 0.64140625 0.09375 0.115625
9 0.3875 0.27890625 0.046875 0.0875
3 0.3484375 0.64375 0.0578125 0.0859375
5 0.49765625 0.75546875 0.0625 0.1078125
3 0.59453125 0.6703125 0.0546875 0.084375
6 0.45390625 0.42578125 0.0578125 0.128125
3 0.31875 0.28671875 0.053125 0.09375
3 0.35390625 0.13359375 0.046875 0.09375
2 0.2390625 0.26171875 0.0796875 0.125
4 0.52578125 0.41953125 0.06875 0.1625
10 0.60625 0.3375 0.06875 0.1671875
2 0.7421875 0.20703125 0.06875 0.128125
0 0.415625 0.11640625 0.053125 0.1375
3 0.6078125 0.1546875 0.0453125 0.1
0 0.59609375 0.27421875 0.0546875 0.140625
3 0.6046875 0.2125 0.04375 0.0859375
8 0.5296875 0.27578125 0.0515625 0.1296875
9 0.525 0.21796875 0.034375 0.084375
7 0.44765625 0.33203125 0.0703125 0.165625
8 0.53359375 0.13203125 0.05625 0.128125
11 0.48046875 0.13828125 0.0484375 0.1203125
1 0.45703125 0.2390625 0.06875 0.1828125
9 0.53828125 0.37265625 0.0453125 0.0859375