9 0.65546875 0.2 0.03125 0.1
9 0.6515625 0.11875 0.03125 0.109375
9 0.65078125 0.57421875 0.0359375 0.109375
6 0.6546875 0.33671875 0.0421875 0.1546875
9 0.55625 0.45625 0.03125 0.1046875
9 0.54453125 0.65703125 0.034375 0.103125
9 0.59453125 0.7734375 0.034375 0.1015625
10 0.609375 0.23828125 0.0484375 0.1953125
6 0.715625 0.67109375 0.05625 0.1515625
3 0.4328125 0.10546875 0.0328125 0.1140625
5 0.4140625 0.25625 0.040625 0.1421875
11 0.59765625 0.65625 0.04375 0.13125
3 0.390625 0.54921875 0.0359375 0.096875
3 0.42578125 0.17734375 0.0328125 0.10625
0 0.3625 0.2265625 0.0421875 0.15625
3 0.41015625 0.35078125 0.0328125 0.1
0 0.50703125 0.3328125 0.040625 0.1640625
9 0.715625 0.81953125 0.0421875 0.1046875
3 0.3796875 0.66015625 0.0390625 0.1
3 0.45 0.44609375 0.03125 0.1046875
3 0.36796875 0.76796875 0.0390625 0.103125
2 0.4640625 0.24609375 0.040625 0.14375
5 0.3125 0.74921875 0.0546875 0.1390625
1 0.44296875 0.515625 0.05 0.1890625
4 0.5109375 0.15390625 0.0421875 0.1875
2 0.31328125 0.6296875 0.05625 0.1390625
8 0.5984375 0.54609375 0.0484375 0.1421875
8 0.653125 0.44765625 0.05 0.146875
11 0.70078125 0.1140625 0.04375 0.13125
9 0.6015625 0.2 0.028125 0.096875
7 0.56015625 0.3125 0.0484375 0.2
3 0.525 0.115625 0.0265625 0.1046875