9 0.403125 0.21640468735745863 0.028125 0.08766362646343309
9 0.3515625 0.21826716920708603 0.0296875 0.0861102168225127
3 0.484375 0.11671323868531851 0.021875 0.09231476502711464
9 0.3546875 0.11590523848892678 0.0296875 0.09861021682251274
9 0.3546875 0.6323114884889268 0.0328125 0.0830033975406721
9 0.44765625 0.5153643621236895 0.028125 0.08453862646343317
6 0.35 0.38624500956616564 0.040625 0.12992384933607007
11 0.303125 0.11464272033855416 0.04375 0.12681703005422928
9 0.45546875 0.7270376603282914 0.0296875 0.0798602168225127
9 0.4078125 0.8491899162802199 0.03125 0.07674430718159257
6 0.29375 0.7475097624930319 0.0515625 0.10811248184962743
7 0.44453125 0.3646012928418488 0.04375 0.15962953005422928
3 0.578125 0.10601156714054145 0.03125 0.10174430718159236
3 0.58359375 0.1958235008837628 0.0296875 0.08923521682251274
9 0.29375 0.8881347624930319 0.0359375 0.07520907825883114
0 0.64609375 0.26655363652057806 0.040625 0.13304884933607006
3 0.5515625 0.5014786032448949 0.03125 0.0861193071815924
3 0.59375 0.39732691354974525 0.0296875 0.0829852168225127
11 0.4046875 0.735926846998379 0.040625 0.10336134933607007
0 0.4984375 0.38772517545360197 0.0359375 0.11895907825883115
5 0.5921875 0.29186725390882484 0.0390625 0.12053975897699036
2 0.54296875 0.2788723502198328 0.0390625 0.11741475897699045
10 0.396875 0.2711285487937771 0.046875 0.1674602107723885
3 0.60703125 0.6159996454975685 0.0328125 0.07987839754067191
3 0.6125 0.7339365792407898 0.034375 0.07519998789975162
1 0.5546875 0.6030229225267357 0.046875 0.1393352107723885
2 0.67890625 0.7148002389799061 0.05 0.0987283914905479
5 0.675 0.8366979648776052 0.0484375 0.10028180113146803
4 0.4953125 0.1728996061717612 0.0421875 0.17368293969514967
3 0.62109375 0.8510740822658519 0.034375 0.07988748789975161
8 0.353125 0.5081018288480064 0.0484375 0.11278180113146821
8 0.40546875 0.6202973018188392 0.046875 0.09871021077238851