9 0.646875 0.13345090865896175 0.028125 0.10016362646343313
9 0.6515625 0.3030094297362006 0.03125 0.0939318071815924
9 0.6546875 0.22021511045435985 0.03125 0.0954943071815924
9 0.65546875 0.4889696556338997 0.0328125 0.0939408975406721
9 0.65703125 0.3858537459929793 0.0328125 0.104878397540672
11 0.696875 0.1313980501495095 0.0421875 0.13149543969514968
3 0.43203125 0.1189197342855143 0.0296875 0.10642271682251274
9 0.65859375 0.5944565863520589 0.034375 0.09394998789975162
9 0.6625 0.7007293122497579 0.034375 0.09238748789975162
6 0.71640625 0.5783866796380048 0.053125 0.14405907220870695
7 0.7171875 0.45885997481754454 0.065625 0.18788179508134384
10 0.71015625 0.35960031820168625 0.0609375 0.18472952400410508
5 0.38125 0.09987429761542674 0.0359375 0.12989657825883122
3 0.428125 0.19936575838781526 0.0296875 0.09704771682251274
0 0.35 0.5551612404338344 0.046875 0.1487102107723885
3 0.409375 0.48050667407885983 0.034375 0.09863748789975162
3 0.4171875 0.37898962587425794 0.0296875 0.09079771682251278
1 0.36015625 0.4364703277678519 0.053125 0.18468407220870695
3 0.4046875 0.5820419030016211 0.034375 0.09238748789975162
3 0.51328125 0.2959549329576544 0.0296875 0.0970477168225127
0 0.365625 0.2568146440246305 0.0390625 0.15647725897699044
9 0.67265625 0.8226633995837755 0.0375 0.09396816861791066
2 0.36953125 0.18261861992232958 0.040625 0.13929884933607006
3 0.3984375 0.6929430415653025 0.0359375 0.09239657825883114
5 0.3359375 0.7855481772021179 0.0484375 0.12528180113146803
3 0.38984375 0.8007055445903646 0.0359375 0.10020907825883114
2 0.33125 0.6659896561248789 0.05 0.13310339149054773
11 0.73125 0.8206605380492611 0.05625 0.12688975292686636
8 0.60859375 0.5754156948615111 0.0453125 0.133076120413309
8 0.70390625 0.21347020676536782 0.046875 0.1377727107723885
6 0.703125 0.284559411585828 0.0421875 0.14868293969514967
4 0.359375 0.345840782588312 0.0515625 0.17842498184962743