9 0.58515625 0.22109375 0.040625 0.078125
3 0.2828125 0.459375 0.046875 0.0796875
3 0.27578125 0.553125 0.0578125 0.084375
3 0.2859375 0.38125 0.046875 0.08125
3 0.28828125 0.3046875 0.046875 0.0796875
9 0.603125 0.290625 0.04375 0.0765625
9 0.6046875 0.359375 0.0453125 0.078125
3 0.27265625 0.64140625 0.059375 0.078125
11 0.65390625 0.20859375 0.0609375 0.1109375
9 0.6171875 0.4359375 0.04375 0.078125
3 0.290625 0.23671875 0.046875 0.084375
0 0.19921875 0.3625 0.075 0.115625
6 0.6765625 0.3453125 0.06875 0.1203125
0 0.18515625 0.628125 0.0953125 0.1140625
3 0.26796875 0.7390625 0.0609375 0.075
5 0.21640625 0.2296875 0.0625 0.1015625
2 0.20234375 0.3015625 0.0734375 0.1140625
9 0.6359375 0.6125 0.0515625 0.0828125
3 0.2609375 0.84453125 0.0625 0.0765625
4 0.19140625 0.4390625 0.1 0.1515625
1 0.19140625 0.521875 0.103125 0.146875
6 0.71796875 0.59375 0.0796875 0.1109375
9 0.646875 0.70703125 0.0515625 0.078125
10 0.690625 0.40625 0.0875 0.146875
8 0.66796875 0.28125 0.0625 0.103125
7 0.7078125 0.4953125 0.0921875 0.15
5 0.17578125 0.8390625 0.09375 0.1015625
9 0.6734375 0.81953125 0.053125 0.071875
9 0.62265625 0.51875 0.0453125 0.078125
2 0.165625 0.72890625 0.0921875 0.09375
11 0.7578125 0.80859375 0.08125 0.096875
8 0.7421875 0.6890625 0.0828125 0.0890625