3 0.459375 0.1015625 0.03125 0.0984375
6 0.50625 0.075 0.0375 0.15
3 0.55 0.08828125 0.0296875 0.0984375
3 0.5546875 0.1765625 0.0296875 0.090625
0 0.56328125 0.23046875 0.040625 0.1421875
8 0.621875 0.24375 0.0484375 0.1296875
9 0.3828125 0.28984375 0.03125 0.09375
5 0.41875 0.165625 0.0390625 0.1234375
3 0.571875 0.365625 0.03125 0.0890625
3 0.284375 0.38046875 0.040625 0.09375
3 0.5328125 0.465625 0.0359375 0.09375
0 0.5828125 0.56328125 0.04375 0.1234375
9 0.3265625 0.19296875 0.0375 0.0953125
2 0.46875 0.2640625 0.0421875 0.1296875
4 0.61015625 0.67890625 0.0578125 0.14375
1 0.4796875 0.43671875 0.046875 0.1640625
5 0.55546875 0.79140625 0.0453125 0.1140625
9 0.43125 0.37265625 0.03125 0.0984375
3 0.3984375 0.8109375 0.0359375 0.0828125
3 0.67265625 0.79453125 0.040625 0.0828125
6 0.2734375 0.47890625 0.0515625 0.1328125
9 0.3375 0.36640625 0.0359375 0.1
11 0.3359375 0.57578125 0.046875 0.1171875
9 0.5 0.68203125 0.0359375 0.0828125
9 0.65703125 0.56875 0.0359375 0.0890625
9 0.390625 0.5828125 0.0359375 0.090625
11 0.38203125 0.465625 0.0421875 0.1203125
9 0.2828125 0.6953125 0.040625 0.0890625
7 0.325 0.259375 0.0609375 0.175
10 0.3796875 0.34765625 0.0546875 0.1734375
2 0.38125 0.6953125 0.053125 0.1140625
8 0.43359375 0.459375 0.0453125 0.1203125