9 0.35625 0.1296875 0.02578125 0.09296875
6 0.35234375 0.18203125 0.0375 0.1453125
5 0.34609375 0.38125 0.0375 0.1234375
3 0.534375 0.2953125 0.02265625 0.08515625
3 0.44140625 0.59921875 0.03046875 0.090625
3 0.39140625 0.82734375 0.03203125 0.084375
3 0.54921875 0.84140625 0.03359375 0.084375
4 0.3390625 0.56796875 0.0515625 0.1515625
0 0.29140625 0.47578125 0.046875 0.1359375
1 0.4953125 0.56171875 0.03984375 0.14375
0 0.5859375 0.27421875 0.03515625 0.13828125
3 0.63046875 0.12421875 0.0296875 0.0921875
10 0.58359375 0.1671875 0.03828125 0.17109375
11 0.4 0.38984375 0.034375 0.11484375
9 0.440625 0.7078125 0.03046875 0.08671875
2 0.44140625 0.82109375 0.04140625 0.10546875
9 0.33984375 0.49140625 0.03203125 0.0890625
11 0.54765625 0.68828125 0.0359375 0.1125
6 0.646875 0.5828125 0.04375 0.13359375
9 0.4953125 0.48046875 0.02890625 0.07421875
7 0.540625 0.34765625 0.03828125 0.1625
8 0.596875 0.46953125 0.040625 0.11875
8 0.44296875 0.47109375 0.03984375 0.11875