9 0.6183328852440318 0.200465691836449 0.03332156010845857 0.08769089754067201
10 0.5222073189872531 0.19443788475305251 0.044722668421519174 0.16744203005422928
3 0.3957129966803503 0.2054203156676035 0.03019656010845857 0.0876727168225127
9 0.537382346212812 0.11718503834384868 0.027126102262936415 0.09702953610435347
3 0.4489117613146815 0.48697029751723087 0.03173178903121965 0.0829943071815924
9 0.6263640747427898 0.3723815984523073 0.03332156010845857 0.08769089754067191
6 0.3409300479100143 0.18869590309981685 0.046121541958086 0.13932612041330888
9 0.4996475595192834 0.47945323418731844 0.03177724082661779 0.0908068071815924
0 0.4904311199223296 0.3723719872123805 0.03820904800821019 0.12209316861791084
9 0.340972517168414 0.5988385175611974 0.036410198672140126 0.08145907825883114
9 0.5571247579950318 0.6907179871141846 0.033257927594901204 0.07675339754067192
3 0.48116870764913056 0.12310778541698245 0.03182269262201594 0.09861930718159236
9 0.7110264628154919 0.6908321374835269 0.03954428903121965 0.08303975897699054
5 0.4593781252850828 0.8088952944921688 0.04278746369925486 0.10337043969514959
11 0.5332549450579028 0.4819924269075303 0.0365556444174139 0.10645907825883114
1 0.49840828814745697 0.669283348648699 0.044522680521767555 0.13306703005422946
3 0.45718384532904927 0.7002924541330892 0.034829517953980725 0.07832498789975162
9 0.7188394836963392 0.8252480440993853 0.03638292759490121 0.07677157825883114
3 0.34775027887587895 0.823870333817976 0.041070427594901295 0.07679884933607006
3 0.5109678963623215 0.8138827763417961 0.033257927594901204 0.07675339754067209
11 0.6463230925003789 0.5803031827612627 0.0443772347764936 0.10806703005422928
5 0.48844137304558755 0.2989253968533009 0.03654655405833438 0.10489657825883114
0 0.41279752019347604 0.5906629240788599 0.042851096212812044 0.11430793969514959
4 0.4760363009350764 0.1808884691602038 0.04465903590796181 0.1565045300542293
6 0.6973038095192834 0.48060316461089003 0.04913745764913067 0.12059430113146803
2 0.6165497549699697 0.6996571707592102 0.04592155405833438 0.10495112041330898
2 0.4448105894753168 0.587724276439992 0.04280564441741408 0.10649543969514959
3 0.40150043012898406 0.39451008674484234 0.030169289031219827 0.0829852168225127
8 0.3391271742752516 0.2816510175611974 0.04755677693097136 0.11746021077238851
3 0.3928556413923519 0.11712543012898405 0.03178633118569749 0.09236930718159235
7 0.6273175206844555 0.2677031888113869 0.05403403590796181 0.15655907220870696