3 0.3765625 0.671875 0.05234375 0.10703125
11 0.178125 0.66171875 0.09296875 0.1421875
3 0.64921875 0.6875 0.05625 0.09921875
0 0.3640625 0.79296875 0.07265625 0.14765625
5 0.8125 0.57265625 0.08046875 0.1234375
9 0.21015625 0.57109375 0.06015625 0.09453125
5 0.7484375 0.2609375 0.0609375 0.12265625
3 0.66875 0.2109375 0.0421875 0.09453125
10 0.634375 0.45 0.0734375 0.18203125
6 0.665625 0.7765625 0.07578125 0.15
4 0.403125 0.2953125 0.065625 0.1796875
9 0.73359375 0.2140625 0.0453125 0.0890625
7 0.4625 0.5234375 0.06875 0.18203125
1 0.846875 0.6546875 0.11953125 0.1734375
3 0.4140625 0.25859375 0.0390625 0.096875
6 0.6828125 0.24765625 0.05625 0.1515625
8 0.63046875 0.38828125 0.06796875 0.1328125
9 0.47578125 0.4859375 0.0421875 0.096875