9 0.36171875 0.1734375 0.025 0.084375
9 0.31953125 0.1640625 0.028125 0.090625
4 0.35859375 0.21484375 0.046875 0.153125
0 0.5859375 0.3109375 0.0375 0.1234375
6 0.4546875 0.31640625 0.034375 0.1171875
0 0.30859375 0.5328125 0.0453125 0.1140625
10 0.58203125 0.20390625 0.04375 0.159375
6 0.6515625 0.61953125 0.0421875 0.1125
3 0.62734375 0.14921875 0.0296875 0.084375
3 0.503125 0.4359375 0.0296875 0.0828125
3 0.54921875 0.525 0.0296875 0.0796875
9 0.46328125 0.8453125 0.03125 0.071875
3 0.51015625 0.7375 0.0296875 0.075
11 0.6703125 0.8484375 0.04375 0.0921875
3 0.5765625 0.15 0.0265625 0.096875
3 0.415625 0.86640625 0.03125 0.0703125
8 0.60078125 0.50625 0.0421875 0.1046875
9 0.44765625 0.15546875 0.021875 0.0765625
1 0.44921875 0.21484375 0.040625 0.1484375
9 0.4984375 0.146875 0.0234375 0.0828125
7 0.49296875 0.20859375 0.034375 0.1421875
2 0.49296875 0.32421875 0.0328125 0.115625
11 0.40859375 0.4265625 0.0375 0.1078125
5 0.35859375 0.434375 0.0390625 0.1109375
2 0.40078125 0.75625 0.0421875 0.0953125
8 0.45234375 0.51875 0.0375 0.0984375