3 0.33300235577897774 0.23399216315696184 0.04583974082661779 0.09088862041330889
9 0.26660065095851754 0.23359725341784557 0.04582156010845857 0.0877636204133089
6 0.3217648739293503 0.2856182956705191 0.05704995159900639 0.13782725292686618
5 0.2529557865953328 0.2961745214700223 0.06318177693097135 0.1175511143631847
3 0.591991015518094 0.29888941354974524 0.04427724082661779 0.09087953005422929
4 0.6089058047457054 0.34566441959986943 0.07282948770335977 0.16448065651766247
8 0.38177061212368957 0.4454200216664141 0.06319086729005097 0.1191136143631848
10 0.37351722970832807 0.5212467234618121 0.07749880698520065 0.1613829275949012
9 0.5327331484244348 0.5476632568356912 0.04582156010845857 0.08776362041330898
7 0.5495752147794093 0.6069382628858153 0.0759090359079618 0.15668633723582168
5 0.20014284134103827 0.6456887081401099 0.08348518657189175 0.11610678903121965
1 0.17219003728270388 0.7505352894240032 0.12426472267624522 0.1429056383672897
3 0.36738890779420863 0.768930244539051 0.05364315046753818 0.08937157220870695
6 0.3534895133767947 0.8752575125912276 0.0725113251355733 0.10979315651766228
9 0.7891780702637994 0.646949142767094 0.06299087939029935 0.08473861436318479
11 0.8206184469236243 0.7483252904059619 0.09598518657189174 0.11617951190385653
3 0.6315332210259251 0.7533314738545955 0.05521474082661797 0.09094316256778665
0 0.6440054290678392 0.8923167058024187 0.0756363251355733 0.10981133723582133