7 0.2370530097625574 0.4810828701187213 0.10556926483072289 0.15217155405833438
9 0.32368540135130097 0.49643113504764014 0.05674996974937896 0.08626475292686617
6 0.6361763109922214 0.49981170686356363 0.06633404800821019 0.12225679508134402
9 0.5600592385871226 0.4228037792686624 0.05050906010845857 0.0877908914905479
3 0.3342552626894236 0.4253964723816576 0.05674996974937896 0.08626475292686617
5 0.5613677294137405 0.3321833244482022 0.05694086729005079 0.11907725292686626
9 0.5626115459651067 0.5212594599868217 0.050472698672140125 0.08154089149054791
2 0.640986009958949 0.6131247731203423 0.0803147347764936 0.1082761083130606
2 0.5597678262157277 0.6071833244482022 0.06472609621281204 0.11443520472226432
3 0.6300904583365016 0.33727080024770534 0.0457761083130606 0.07995112041330898
4 0.6321069554096355 0.3935344357863248 0.07594539734428025 0.16293633723582168