9 0.3953125 0.22734375 0.03515625 0.0765625
3 0.7140625 0.44453125 0.04140625 0.07734375
3 0.72734375 0.5375 0.05234375 0.08046875
3 0.70546875 0.36640625 0.0421875 0.078125
3 0.69765625 0.290625 0.04140625 0.0765625
9 0.3828125 0.2984375 0.03828125 0.0734375
9 0.3859375 0.3671875 0.03984375 0.075
3 0.73671875 0.625 0.05390625 0.075
11 0.32578125 0.2203125 0.053125 0.10703125
9 0.37890625 0.44453125 0.0390625 0.07578125
3 0.690625 0.22265625 0.04140625 0.08203125
0 0.790625 0.3421875 0.0671875 0.1109375
6 0.31328125 0.3578125 0.06015625 0.11640625
0 0.82265625 0.60625 0.0875 0.10859375
3 0.7484375 0.72265625 0.05625 0.071875
5 0.7640625 0.2109375 0.05546875 0.09765625
2 0.7828125 0.28125 0.065625 0.11015625
9 0.371875 0.621875 0.0453125 0.08046875
3 0.7625 0.82734375 0.0578125 0.0734375
4 0.80390625 0.41796875 0.090625 0.1453125
1 0.809375 0.5 0.09375 0.140625
6 0.2890625 0.60859375 0.071875 0.10546875
9 0.36796875 0.71640625 0.04609375 0.075
10 0.303125 0.41953125 0.078125 0.1421875
8 0.3171875 0.29375 0.05546875 0.1
7 0.2921875 0.51015625 0.0828125 0.14453125
5 0.846875 0.815625 0.08671875 0.0953125
9 0.34921875 0.83046875 0.04921875 0.06796875
9 0.37890625 0.52734375 0.03984375 0.07578125
2 0.84921875 0.7046875 0.0859375 0.0875
11 0.2640625 0.82578125 0.07578125 0.09140625
8 0.271875 0.70546875 0.07734375 0.084375