4 0.6125 0.2421875 0.071875 0.1703125
3 0.59921875 0.19765625 0.04375 0.0921875
6 0.475 0.17109375 0.046875 0.134375
9 0.6125 0.4296875 0.0484375 0.090625
11 0.61640625 0.5109375 0.0625 0.1125
9 0.32578125 0.26640625 0.046875 0.090625
7 0.54296875 0.48359375 0.0703125 0.159375
3 0.3421875 0.1296875 0.046875 0.1015625
9 0.52890625 0.4359375 0.0421875 0.0859375
9 0.3125 0.346875 0.05 0.0875
6 0.5375 0.740625 0.0625 0.1140625
0 0.62109375 0.753125 0.06875 0.109375
3 0.61875 0.6296875 0.0546875 0.0875
3 0.53828125 0.63046875 0.0515625 0.0859375
5 0.33515625 0.17890625 0.053125 0.115625
5 0.46171875 0.41328125 0.053125 0.10625
1 0.45625 0.49140625 0.0640625 0.153125
2 0.47265625 0.325 0.05625 0.11875
8 0.47109375 0.24921875 0.0515625 0.1265625
10 0.615625 0.3234375 0.0734375 0.1703125