3 0.6609375 0.2328125 0.04375 0.090625
9 0.72734375 0.23125 0.04375 0.0875
6 0.67265625 0.284375 0.05390625 0.13671875
5 0.74140625 0.29375 0.0609375 0.11640625
3 0.403125 0.30390625 0.0421875 0.090625
4 0.38671875 0.3515625 0.06953125 0.1625
8 0.61484375 0.4453125 0.0609375 0.1171875
10 0.6234375 0.52109375 0.0734375 0.16015625
9 0.46484375 0.5515625 0.04375 0.0875
7 0.4484375 0.6109375 0.071875 0.1546875
5 0.7984375 0.64140625 0.08125 0.11484375
1 0.828125 0.74609375 0.1203125 0.140625
3 0.6328125 0.76875 0.05234375 0.08828125
6 0.64765625 0.875 0.06953125 0.10859375
9 0.209375 0.65703125 0.0609375 0.08359375
11 0.1796875 0.75859375 0.09296875 0.1140625
3 0.36875 0.759375 0.053125 0.08984375
0 0.3578125 0.8984375 0.07265625 0.1078125