9 0.38984427088084705 0.13211150058917517 0.03182269262201594 0.09861930718159236
5 0.43632436114173084 0.19824958499632647 0.03980790944452863 0.12835225897699046
2 0.4852845567888089 0.2878115338648583 0.04139768052176755 0.13304884933607006
3 0.5301743550916067 0.21489166345154942 0.03182269262201594 0.0986193071815924
6 0.5193454185197149 0.09932575078556691 0.039944264830722886 0.15178975897699046
3 0.5683692466803503 0.19982519965409878 0.030214740826617792 0.0907977168225127
3 0.6186959787263694 0.12140476298401119 0.034947692622015934 0.09863748789975157
0 0.5756777526322786 0.24744054303824048 0.04302381303532492 0.14399543969514966
3 0.5897725897699044 0.38720702498606374 0.033367011903856714 0.09550339754067201
9 0.6465816468533009 0.4829735220591975 0.03490224082661779 0.09082498789975162
9 0.4602214451560987 0.41139902478967205 0.033357921544777014 0.09394089754067192
9 0.4583549390077787 0.4934439103282914 0.03486587939029935 0.08457498789975162
9 0.3577822463857627 0.39558819330938694 0.034920421544777015 0.09394998789975162
9 0.47740596261910023 0.8136564163784158 0.03799087939029935 0.08459316861791066
9 0.3636111073311018 0.7260342174116878 0.03958065046753827 0.08928975897699054
9 0.34429139724608443 0.22534841618202392 0.03491133118569749 0.09238748789975162
3 0.553635622751 0.48742064842443467 0.036492011903856716 0.09552157825883115
11 0.46585434250037894 0.5738717537124332 0.044440867290050964 0.11900453005422947
11 0.40809183947531685 0.5828018469983791 0.046003367290050966 0.11901362041330898
1 0.4688889597904299 0.6926081181738137 0.05402494554888211 0.15499657220870694
3 0.5158230471244474 0.7024916574014253 0.03646474082661779 0.09083407825883114
5 0.5345417517485158 0.8312933682720096 0.04444086729005079 0.11900453005422947
0 0.5875713029781798 0.8145780460633025 0.046003367290050966 0.11901362041330898
4 0.6398241493873836 0.7986485190341355 0.06178290339440444 0.14566702400410508
3 0.4283235680052945 0.8373802626894236 0.039580650467538094 0.08928975897699054
7 0.3618445951326576 0.8252666029503073 0.07277494554888211 0.15510565651766228
3 0.3112491766129426 0.7232137444408551 0.04583065046753827 0.08932612041330898
8 0.5735355531745716 0.6849678141154794 0.04597609621281205 0.11432612041330899
8 0.635363387483527 0.7033587449318345 0.050672686571891744 0.1159158914905479
6 0.3528680082896194 0.49093250956616563 0.05236245159900639 0.13779998184962744
10 0.294946423980664 0.4725188528521115 0.07133971057599683 0.17697156615858275
2 0.40652531517662416 0.7164092325369984 0.053815867290050966 0.11905907220870696