9 0.3671875 0.203125 0.028125 0.08671875
10 0.4625 0.19296875 0.034375 0.165625
3 0.58984375 0.19765625 0.025 0.08671875
9 0.44296875 0.11640625 0.021875 0.09609375
3 0.553125 0.48125 0.02734375 0.08203125
9 0.36875 0.37578125 0.028125 0.08671875
6 0.64375 0.17890625 0.0375 0.13671875
9 0.5015625 0.4765625 0.02734375 0.0890625
0 0.5046875 0.36875 0.03046875 0.12109375
9 0.6671875 0.58828125 0.03125 0.0796875
9 0.45703125 0.68984375 0.02890625 0.075
3 0.5 0.11953125 0.0265625 0.096875
9 0.303125 0.69765625 0.034375 0.08125
5 0.5609375 0.803125 0.03671875 0.10078125
11 0.46875 0.48046875 0.03046875 0.10546875
1 0.5140625 0.665625 0.0375 0.13046875
3 0.55703125 0.6953125 0.03046875 0.0765625
9 0.303125 0.83203125 0.0328125 0.075
3 0.6734375 0.81328125 0.03671875 0.075
3 0.51015625 0.8109375 0.0296875 0.075
11 0.3609375 0.58359375 0.03828125 0.10546875
5 0.50234375 0.2953125 0.03046875 0.103125
0 0.5953125 0.58359375 0.0359375 0.1125
4 0.5078125 0.17734375 0.03515625 0.1546875
6 0.3046875 0.48671875 0.0421875 0.11796875
2 0.39765625 0.7015625 0.03984375 0.103125
2 0.56328125 0.58203125 0.03671875 0.1046875
3 0.5953125 0.38671875 0.02578125 0.08203125
8 0.65078125 0.27109375 0.040625 0.115625
3 0.5875 0.109375 0.02578125 0.09140625
7 0.36171875 0.27109375 0.0453125 0.1546875