3 0.46640625 0.09806777781473411 0.0296875 0.09861021682251274
6 0.5140625 0.07355463290634078 0.034375 0.14710926581268155
3 0.55703125 0.08582178698811628 0.028125 0.09860112646343311
3 0.5609375 0.17408031109041724 0.028125 0.09078862646343314
0 0.56796875 0.22872690447455896 0.0375 0.14240566861791085
8 0.6265625 0.2424485160090733 0.046875 0.1299602107723885
9 0.3859375 0.2860359313073344 0.0296875 0.0939227168225127
5 0.425 0.16158992233034397 0.0359375 0.12364657825883119
3 0.57421875 0.3638467930382405 0.0296875 0.0892352168225127
3 0.2859375 0.37489896428842995 0.0390625 0.09241475897699054
3 0.53359375 0.4625206423743105 0.034375 0.09394998789975162
0 0.58203125 0.5606763412428424 0.040625 0.12211134933607007
9 0.33203125 0.18791204869558123 0.0359375 0.09552157825883119
2 0.47265625 0.26053141637841565 0.0390625 0.12991475897699045
4 0.60703125 0.6769371454975686 0.0546875 0.14250566256778666
1 0.48046875 0.43392346458301756 0.04375 0.1643170300542293
5 0.55 0.7889876936039746 0.0421875 0.11274543969514958
9 0.43359375 0.3693524253554061 0.0296875 0.09861021682251278
3 0.39296875 0.8070887746914762 0.034375 0.08301248789975162
3 0.6671875 0.7937746666730032 0.0390625 0.08147725897699054
6 0.27421875 0.4734046419815271 0.05 0.13310339149054773
9 0.33984375 0.36130409690018317 0.034375 0.10019998789975162
11 0.334375 0.5707109131569619 0.0453125 0.11745112041330899
9 0.496875 0.6791405158126815 0.034375 0.08301248789975162
9 0.65546875 0.5672803443661003 0.034375 0.08926248789975162
9 0.38984375 0.5789819554096354 0.034375 0.09082498789975162
11 0.3828125 0.4610541120254936 0.040625 0.12054884933607006
9 0.27890625 0.6897836209042882 0.0390625 0.08928975897699054
7 0.32890625 0.2543364794137405 0.0578125 0.17533634328594588
10 0.38203125 0.34308990720503346 0.0515625 0.17373748184962742
2 0.378125 0.6915501331027325 0.0515625 0.11436248184962743
8 0.434375 0.4560666301758663 0.04375 0.11900453005422928