3 0.5940302384889268 0.3512195280111258 0.04426815046753809 0.08931703005422928
11 0.3379716569104459 0.18552739207972296 0.0584488251355733 0.10971134328594587
11 0.2515457391762978 0.8071029311109428 0.08338519262201594 0.09891928903121965
9 0.40746200029458757 0.19215412110067995 0.04114315046753827 0.08929884933607006
3 0.7191216629605701 0.20049684446429622 0.04741133118569749 0.0924602107723885
6 0.3199932956705191 0.32156488602959876 0.0647715480082102 0.12224770472226432
3 0.7333967446372468 0.4324371908735 0.052053379390299345 0.08467498184962743
9 0.33667471809905897 0.8112950065411036 0.05354315651766246 0.07218407220870696
9 0.39296770823830574 0.26645468433239655 0.04266928903121965 0.08305793969514967
9 0.3941029613615637 0.3398830939733169 0.044222698672140126 0.08150453005422928
9 0.38192060304850317 0.419638771666414 0.04420451795398091 0.07837953005422929
6 0.2840820249860637 0.5858273739293504 0.07560905405833437 0.10512383723582168
5 0.8483207452264221 0.8208179139425287 0.09901928298109546 0.10057269262201593
5 0.7996540454741274 0.1890911909716959 0.06627950585373252 0.11288179508134392
9 0.37907233811958446 0.5063711572050335 0.04733860831306043 0.0799602107723885
9 0.3675848713952675 0.6009660397185907 0.048901108313060514 0.07996930113146802
8 0.4434161183702054 0.5919314073032294 0.06305451190385654 0.0956761143631848
3 0.7520275282075175 0.7213815162054651 0.06293633723582168 0.0753636143631848
3 0.7599985886105637 0.828362769230527 0.06293633723582168 0.07536361436318444
9 0.3599854739527914 0.6986631963344492 0.04885565651766246 0.07215680113146802
2 0.8583457059006147 0.709044621788051 0.09743860226293641 0.09743860226293624
0 0.8378610099589491 0.6044798416356258 0.09595791549465282 0.11149201190385653
1 0.8291041543763631 0.49828438379010354 0.10557835518980241 0.15373405405833437
3 0.746386582265852 0.6167303776417835 0.05982951795398091 0.0784704336450254
3 0.7398643923743105 0.5292712842576417 0.05832156010845857 0.08783634328594588
4 0.8296313952029809 0.4076593837901036 0.10090903590796181 0.15683178298109546
3 0.723409187161067 0.2692195733870574 0.04735678903121965 0.08308521077238851
0 0.8199387535160415 0.32803097112412105 0.07421927088084708 0.13480224687674197
2 0.8156057775201464 0.2671207422013599 0.07418290944452863 0.128552246876742
7 0.2901734645830175 0.47876430767257167 0.09304199375348406 0.1474113311856975
10 0.30712513612779463 0.3849188589022357 0.08527494554888211 0.15517837939029935
8 0.3242858859314029 0.2551359101318997 0.06472609621281214 0.11443520472226432