10 0.25703125 0.23515625 0.08828125 0.184375
3 0.42734375 0.20078125 0.0421875 0.096875
5 0.55625 0.125 0.04765625 0.12734375
3 0.71484375 0.28359375 0.0515625 0.09765625
7 0.315625 0.41328125 0.0859375 0.17734375
5 0.48828125 0.34375 0.0515625 0.12109375
4 0.6515625 0.32265625 0.07265625 0.165625
3 0.3109375 0.646875 0.0578125 0.08984375
6 0.56484375 0.25625 0.05 0.1421875
9 0.721875 0.384375 0.05078125 0.09140625
0 0.21328125 0.64765625 0.09140625 0.12890625
9 0.7671875 0.66796875 0.065625 0.090625
3 0.56953125 0.665625 0.0546875 0.08984375
9 0.75 0.57265625 0.0625 0.0890625
1 0.48671875 0.51953125 0.0625 0.14765625
8 0.57109375 0.53359375 0.06015625 0.125
0 0.57578125 0.7796875 0.065625 0.1109375
9 0.39921875 0.5546875 0.05 0.08671875
11 0.28359375 0.78125 0.08203125 0.11171875
9 0.640625 0.44765625 0.04765625 0.0875
8 0.40703125 0.34453125 0.06328125 0.12890625
6 0.39375 0.77265625 0.0671875 0.11796875
2 0.665625 0.534375 0.07421875 0.12109375
9 0.490625 0.4484375 0.04375 0.08671875