9 0.38046875 0.121875 0.02421875 0.09296875
4 0.51171875 0.18203125 0.0328125 0.15390625
3 0.50234375 0.1234375 0.021875 0.0859375
9 0.42109375 0.209375 0.0265625 0.0890625
9 0.37265625 0.2078125 0.028125 0.08359375
3 0.590625 0.11484375 0.0265625 0.09453125
9 0.50625 0.478125 0.0265625 0.08984375
9 0.31171875 0.69765625 0.03203125 0.07734375
0 0.509375 0.36796875 0.03125 0.13203125
5 0.50859375 0.29140625 0.03046875 0.1109375
10 0.46484375 0.1953125 0.034375 0.153125
6 0.3703125 0.36875 0.03515625 0.12265625
3 0.59296875 0.19765625 0.0265625 0.084375
9 0.4625 0.68984375 0.02734375 0.075
3 0.59921875 0.38984375 0.02734375 0.0828125
11 0.421875 0.29609375 0.0328125 0.1125
6 0.365625 0.69140625 0.03828125 0.10625
3 0.5578125 0.48359375 0.02890625 0.0828125
0 0.60234375 0.58125 0.03515625 0.11015625
9 0.4140625 0.8 0.028125 0.075
7 0.46015625 0.353125 0.03828125 0.153125
3 0.56171875 0.69609375 0.03046875 0.07578125
9 0.36484375 0.81171875 0.03046875 0.075
11 0.4140625 0.69140625 0.034375 0.1
2 0.5671875 0.58046875 0.0359375 0.09921875
5 0.56484375 0.8015625 0.0375 0.09765625
3 0.51484375 0.81171875 0.03046875 0.07421875
3 0.61484375 0.81171875 0.03125 0.0703125
2 0.553125 0.278125 0.03359375 0.1234375
8 0.4171875 0.58671875 0.03984375 0.10234375
8 0.51484375 0.575 0.0359375 0.09765625
1 0.51640625 0.66640625 0.0359375 0.134375