9 0.6624812984009937 0.1413588574292977 0.03179542154477701 0.09393180718159236
6 0.6629580213718265 0.19370715260883756 0.046166993753483966 0.14713862041330888
5 0.6578882054096354 0.3936844267111385 0.04447722872636941 0.1252545300542293
3 0.47485351249303187 0.2965225595192834 0.027062469749379047 0.08609203610435348
3 0.5496206665748073 0.6055617371141847 0.03647383118569749 0.09239657825883114
3 0.5865610886105637 0.8362532009116354 0.036437469749379045 0.08614657825883114
3 0.427935522353785 0.8407992794650541 0.037999969749379046 0.08615566861791066
4 0.653676907499621 0.5803849959929792 0.06027494554888211 0.1550329336450254
0 0.706543353146699 0.4908457730221464 0.055487451599006476 0.13781816256778648
1 0.4982945159108774 0.5646367552645574 0.04772040339440444 0.1455852107723885
0 0.42420861787922615 0.27278962284919583 0.04300563231716552 0.14087043969514967
3 0.38837617788948886 0.12023224941082482 0.034920421544777015 0.09394998789975158
10 0.43264380747618 0.16580382464459392 0.047884029857837615 0.17371021077238852
11 0.6031688891528567 0.3988350141433519 0.04130677693097127 0.11742384933607006
9 0.5443013866187739 0.7141282160369459 0.03488406010845857 0.08769998789975161
2 0.5366156307650415 0.8265873094210875 0.0475022347764936 0.1080852107723885
9 0.6572473350945224 0.5038406767111384 0.03646474082661797 0.09083407825883114
11 0.4382013775435876 0.6877288216195317 0.042851096212812044 0.11430793969514959
6 0.3458734978587007 0.5770316952542945 0.05079086123992678 0.1362283914905479
9 0.5026734645830175 0.48340948116225635 0.033248837235821685 0.07519089754067192
7 0.4651739854638647 0.34881176736480574 0.04782948770335978 0.1643352107723885
8 0.4019831181738137 0.46719815300162104 0.047574957649130487 0.12058521077238851
8 0.5558348260193361 0.4774685533709633 0.046012457649130666 0.12057612041330898