3 0.6703125 0.234381485954844 0.046875 0.0924602107723885
9 0.73671875 0.23477639569396028 0.046875 0.08933521077238851
6 0.6796875 0.2866706938003663 0.059375 0.1394079336450255
5 0.7484375 0.2979894680008631 0.065625 0.11913179508134393
3 0.41015625 0.29839503074160034 0.0453125 0.0924511204133089
4 0.3921875 0.34537456987101595 0.075 0.16449883723582168
8 0.61640625 0.44563260334309085 0.065625 0.11913179508134383
10 0.62265625 0.5213774919067724 0.0796875 0.16296360831306062
9 0.46328125 0.5473047085328934 0.046875 0.08933521077238851
7 0.44453125 0.6067887928418487 0.0765625 0.1582579275949012
5 0.79296875 0.646949142767094 0.0859375 0.11768746974937905
1 0.81953125 0.7522633566627406 0.125 0.14603972872636922
3 0.6234375 0.7698104467272325 0.0546875 0.09094316256778665
6 0.634375 0.8759968142136753 0.0734375 0.1113647468767418
9 0.20390625 0.6456887081401099 0.0640625 0.08631020472226432
11 0.17109375 0.7458796056807818 0.096875 0.11775110226293642
3 0.36015625 0.7525921722321481 0.05625 0.09251475292686617
0 0.34375 0.8909688710024841 0.0765625 0.11138292759490157