9 0.428125 0.12421875 0.028125 0.0984375
5 0.4671875 0.1953125 0.034375 0.1265625
2 0.50546875 0.28984375 0.0359375 0.13125
3 0.5578125 0.221875 0.028125 0.0984375
6 0.56015625 0.10625 0.034375 0.15
3 0.59765625 0.21171875 0.0265625 0.090625
3 0.65625 0.13984375 0.03125 0.096875
0 0.6 0.259375 0.0375 0.14375
3 0.59921875 0.4 0.0296875 0.0953125
9 0.64453125 0.5015625 0.03125 0.0890625
9 0.4671875 0.41015625 0.0296875 0.09375
9 0.45546875 0.49140625 0.03125 0.0828125
9 0.3671875 0.3828125 0.03125 0.0921875
9 0.43984375 0.8125 0.034375 0.0828125
9 0.3359375 0.7125 0.0359375 0.0875
9 0.37265625 0.2125 0.03125 0.0921875
3 0.5515625 0.49609375 0.0328125 0.0953125
11 0.4546875 0.571875 0.0390625 0.11875
11 0.396875 0.57421875 0.0421875 0.1171875
1 0.44453125 0.690625 0.0484375 0.153125
3 0.490625 0.70546875 0.0328125 0.0890625
5 0.49453125 0.8359375 0.0390625 0.11875
0 0.54921875 0.82421875 0.040625 0.11875
4 0.603125 0.81484375 0.05625 0.14375
3 0.38828125 0.8296875 0.0359375 0.0890625
7 0.3234375 0.81015625 0.065625 0.153125
3 0.28515625 0.70390625 0.0421875 0.0875
8 0.54921875 0.69453125 0.0421875 0.1125
8 0.60859375 0.71953125 0.046875 0.1140625
6 0.3515625 0.47734375 0.046875 0.1359375
10 0.29609375 0.453125 0.0640625 0.175
2 0.38046875 0.7078125 0.05 0.1171875