9 0.68125 0.878125 0.053125 0.103125
9 0.3 0.62109375 0.0515625 0.1109375
9 0.5140625 0.5125 0.0421875 0.1046875
11 0.6640625 0.596875 0.059375 0.14375
3 0.20625 0.9125 0.0671875 0.10625
8 0.59453125 0.72421875 0.0625 0.1375
6 0.31875 0.22265625 0.0546875 0.1625
11 0.5671875 0.21328125 0.04375 0.1390625
5 0.703125 0.29765625 0.0578125 0.14375
7 0.52109375 0.70546875 0.059375 0.1953125
0 0.3734375 0.61015625 0.0578125 0.1609375
5 0.20546875 0.7484375 0.0796875 0.1390625
3 0.25 0.32734375 0.0453125 0.109375
6 0.49921875 0.2859375 0.0453125 0.1671875
0 0.64140625 0.37578125 0.0546875 0.1703125
9 0.6140625 0.134375 0.0375 0.1109375
1 0.3609375 0.86640625 0.0859375 0.18125
3 0.3765625 0.5109375 0.0453125 0.109375
8 0.30546875 0.40859375 0.059375 0.15
2 0.6328125 0.21171875 0.053125 0.153125
2 0.51328125 0.1234375 0.0453125 0.1546875
10 0.43984375 0.1078125 0.053125 0.20625
4 0.4421875 0.2734375 0.0578125 0.2078125