1 0.5484375 0.16412821603694583 0.0453125 0.19088862041330895
10 0.49140625 0.15989016793053978 0.0484375 0.1877818011314681
0 0.3140625 0.8924521621750031 0.0609375 0.12847952400410492
2 0.62265625 0.9036225080932276 0.0625 0.12067611436318444
4 0.690625 0.628236688713191 0.075 0.18012383723582168
8 0.4765625 0.6418350595192834 0.0515625 0.13311248184962743
7 0.33984375 0.6285396530998169 0.0734375 0.167614746876742
5 0.3625 0.34898396330647136 0.05 0.13154089149054773
11 0.46875 0.5253833577238852 0.0453125 0.125263620413309
9 0.5421875 0.5390918546006274 0.0390625 0.09710225897699054
0 0.61171875 0.4191838755796703 0.046875 0.1487102107723885
5 0.6609375 0.36322022189067826 0.0484375 0.1315318011314682
6 0.7296875 0.42533894769018143 0.05625 0.14876475292686636