9 0.38043641286237423 0.13984375 0.0350022347764936 0.1078125
9 0.3638160185431561 0.3109375 0.03811814441741399 0.10625
9 0.483746202580965 0.5109375 0.04122496369925486 0.103125
9 0.3183150826586354 0.88046875 0.05060905405833438 0.1046875
9 0.6995206726249317 0.61953125 0.0521988251355733 0.109375
11 0.5589911213952675 0.603125 0.05085449375348396 0.146875
10 0.3401961904807166 0.4765625 0.06995901775758914 0.2078125
11 0.49899499444085504 0.30703125 0.04614881303532492 0.14375
8 0.5597512081401099 0.20390625 0.04931926483072289 0.1515625
8 0.4051434378484379 0.72734375 0.0601749515990063 0.1375
7 0.47712752215739335 0.70859375 0.05741356596219109 0.2
6 0.6160193888582691 0.20078125 0.04316016842151917 0.1671875
6 0.7313040212736306 0.125 0.05412493949875792 0.171875
3 0.5596804260427771 0.8875 0.04752950585373252 0.1125
3 0.7206679230177151 0.87890625 0.06315450585373253 0.1125
3 0.7449842053114395 0.325 0.044422686571891745 0.115625
3 0.5507524162802198 0.4078125 0.03970791549465282 0.1109375
1 0.6426247362494315 0.86484375 0.07919766237139499 0.184375
5 0.6277229406771083 0.60625 0.05708631303532492 0.14375
5 0.6729370093697739 0.2203125 0.05239881303532492 0.14375
0 0.6771654462362532 0.29921875 0.05092721662612103 0.159375
0 0.6087114037871879 0.1140625 0.04473175878059869 0.16875
2 0.4805227712736306 0.125 0.04151585518980259 0.153125
4 0.5525114007621259 0.10546875 0.048038565962190916 0.2
2 0.7704967688377437 0.50546875 0.07272949375348396 0.146875
9 0.36899894311299525 0.22578125 0.03653746369925477 0.103125