9 0.3654209878015557 0.10134134884509075 0.03971700585373252 0.11272725897699046
9 0.5419743974424762 0.10080605942108753 0.036619276930971265 0.11739657825883118
9 0.42410668315404615 0.38604814695149675 0.041243144417413904 0.10648634933607007
6 0.28767323770335984 0.16573058089110987 0.05728630093507645 0.17845225292686626
11 0.29502212939029937 0.08608853268650794 0.05711358411256366 0.14876475292686625
9 0.48564414685330093 0.48952767095560185 0.0443772347764936 0.10806703005422946
7 0.47736245159900637 0.1402725595192834 0.05288060206654457 0.22686248184962737
3 0.5562919483775526 0.2790083274732643 0.03815450585373252 0.11271816861791084
9 0.4918083093228917 0.6090907372123805 0.04748405405833438 0.10496021077238851
0 0.6788300237095175 0.2594094206610143 0.05413402985783762 0.17374657220870696
8 0.27883456888905733 0.25786353873663215 0.06653403590796181 0.15663179508134392
3 0.6642720991396784 0.17417135742929774 0.0428056444174139 0.10649543969514967
5 0.728647695647078 0.09407985733110186 0.05867608411256366 0.14877384328594584
3 0.5513958909995684 0.3774140112164856 0.042851096212812224 0.11430793969514977
3 0.660728942622016 0.10227817671113848 0.04286927693097127 0.11743293969514967
3 0.7043896016737611 0.49001907122674837 0.050663596212812224 0.11435339149054773
2 0.7384726684215192 0.17147814948557957 0.06814198770335977 0.16445338544042354
6 0.24246736035616395 0.7209175297596417 0.0837124455488822 0.15516928903121965
10 0.4931127758508168 0.8333094872123805 0.06828743344863372 0.18945338544042373
9 0.3269928721618248 0.8815601139704012 0.05685905405833438 0.10501475292686635
3 0.7121298996819713 0.6119349778426066 0.052235186571891745 0.11592498184962743
4 0.6222987434588965 0.3450151225546082 0.07154878883482799 0.21290906615858277
0 0.8001929810640604 0.5749485831306049 0.08380334913967857 0.17079428903121965
1 0.6502293425003789 0.5803259086589618 0.0792885659621911 0.20045451795398073
11 0.2362815137505684 0.8661891231437835 0.08521131303532484 0.14424087939029917
8 0.4119804296380047 0.7187788337197801 0.06954086123992678 0.13633747579950323
3 0.7425133330324092 0.8660093994855795 0.060029505853732346 0.11284543364502539
3 0.7253389476901815 0.7338827007152435 0.05689541549465282 0.11126475292686636
2 0.8197792940993853 0.7188076674395605 0.08990790339440444 0.1458306504675381
5 0.8378349233914888 0.8681264113894362 0.09456813231716552 0.14117042154477702
9 0.3573635689872532 0.19347885187015285 0.04127950585373252 0.11273634933607006
9 0.35552887909571174 0.28096521633153343 0.044404505853732526 0.11275453005422928