6 0.2714958093228917 0.60625 0.07279312626704142 0.1578125
0 0.27576463192438216 0.4 0.06506243949875792 0.171875
9 0.3580408007386847 0.3078125 0.0428147347764936 0.1078125
10 0.8447389083643742 0.84140625 0.11830561416679294 0.1921875
5 0.5410754936552882 0.21171875 0.04614881303532492 0.14375
7 0.7115147378015557 0.09921875 0.07302947560311139 0.1984375
0 0.4769539063212706 0.2015625 0.047865849139678215 0.1703125
2 0.7522634994108248 0.3890625 0.06806926483072288 0.1515625
4 0.4932617250139362 0.5875 0.06207379488495235 0.1953125
5 0.24651048662320535 0.87734375 0.08678290339440445 0.1453125
1 0.2850249606741927 0.11171875 0.07153969847574837 0.2109375
11 0.5746809384186035 0.88515625 0.061746541958086 0.1390625
8 0.49503889021400155 0.89296875 0.06329086123992678 0.1359375