8 0.29765625 0.19453125 0.0546875 0.15546875
6 0.36484375 0.30234375 0.046875 0.16484375
10 0.62734375 0.36875 0.06328125 0.20390625
9 0.421875 0.40234375 0.03671875 0.103125
0 0.34296875 0.59375 0.05625 0.1625
3 0.6125 0.22890625 0.0390625 0.10625
9 0.55859375 0.746875 0.0453125 0.10625
7 0.56328125 0.4546875 0.059375 0.1984375
2 0.490625 0.29453125 0.0453125 0.1515625
4 0.48671875 0.46875 0.0515625 0.19921875
5 0.54921875 0.13828125 0.040625 0.14296875
1 0.55703125 0.59140625 0.06171875 0.19453125
5 0.4046875 0.7390625 0.05703125 0.14453125
11 0.7703125 0.50234375 0.06796875 0.13671875
0 0.8203125 0.88046875 0.08671875 0.14375