9 0.66328125 0.8671401074292977 0.0515625 0.09561248184962708
9 0.65546875 0.7413134056338997 0.0484375 0.09715680113146803
9 0.6453125 0.6225043182998821 0.0453125 0.10026362041330898
9 0.634375 0.5138469357863247 0.0421875 0.10180793969514959
11 0.7546875 0.8598593934354554 0.071875 0.12698065651766227
6 0.721875 0.6041997458947834 0.0703125 0.14884656615858277
9 0.615625 0.3199878514773694 0.040625 0.10179884933607006
3 0.359375 0.8661532825883121 0.05 0.09716589149054755
6 0.69296875 0.31340657425181045 0.05625 0.15657725292686617
5 0.27109375 0.8718896773003136 0.0703125 0.12384656615858276
0 0.22421875 0.6200544665279251 0.06875 0.15664997579950324
9 0.60703125 0.1605628545024315 0.0359375 0.10177157825883124
7 0.709375 0.4822520230221464 0.0765625 0.1816954275949012
3 0.31484375 0.5057379573545429 0.0453125 0.10495112041330898
9 0.61640625 0.2332736466569092 0.0390625 0.10491475897699046
2 0.20390625 0.7379050418598901 0.078125 0.1270170179539809
3 0.3125 0.32759932181592355 0.0453125 0.11120112041330898
3 0.44375 0.23695666197861143 0.034375 0.09863748789975162
3 0.37421875 0.3248333909995684 0.0390625 0.10022725897699045
11 0.67734375 0.13909692066101428 0.05625 0.13626475292686627
5 0.25703125 0.1389953640685971 0.05 0.13622839149054772
0 0.25390625 0.28507093335043787 0.05625 0.15970225292686618
1 0.23203125 0.47009991832332326 0.08125 0.18172269867214014
3 0.31953125 0.15264022843178182 0.0390625 0.10491475897699046
8 0.678125 0.2203514658405541 0.0609375 0.1425420240041051
8 0.29609375 0.6228163730455876 0.0671875 0.13164088544042354