10 0.47890625 0.1578125 0.04375 0.18515625
5 0.36015625 0.3484375 0.04765625 0.12890625
7 0.34140625 0.628125 0.0703125 0.16640625
0 0.32109375 0.89375 0.06015625 0.12734375
8 0.47890625 0.63828125 0.04921875 0.1296875
9 0.54296875 0.534375 0.0375 0.09609375
1 0.546875 0.73828125 0.05390625 0.17109375
2 0.62890625 0.896875 0.06015625 0.1203125
4 0.6203125 0.746875 0.06640625 0.171875
0 0.61015625 0.4140625 0.04296875 0.14765625
5 0.65859375 0.35625 0.0453125 0.12890625
6 0.74921875 0.63671875 0.0578125 0.14453125