6 0.7265625 0.46953125 0.0671875 0.1625
0 0.65078125 0.47734375 0.0546875 0.1703125
9 0.6296875 0.3 0.0375 0.1125
5 0.7765625 0.8625 0.08125 0.1453125
5 0.50703125 0.2109375 0.04375 0.140625
7 0.4421875 0.359375 0.0578125 0.2171875
10 0.36484375 0.48671875 0.0703125 0.2015625
11 0.309375 0.40234375 0.0546875 0.14375
2 0.309375 0.30859375 0.0640625 0.1484375
8 0.44453125 0.12734375 0.05 0.15625
4 0.584375 0.46484375 0.0609375 0.2078125
0 0.57265625 0.37890625 0.046875 0.16875
1 0.4421875 0.590625 0.065625 0.1984375