7 0.7359375 0.5816559408735001 0.096875 0.1927511022629364
10 0.70078125 0.35217297395279146 0.0890625 0.20833065046753818
11 0.478125 0.14174960012163698 0.05 0.14560339149054777
1 0.2109375 0.5097103015242517 0.0984375 0.20213519262201593
4 0.2109375 0.3956478015242516 0.0921875 0.1989738311856974
6 0.2890625 0.9061307835702707 0.0796875 0.1348386083130606
0 0.43125 0.2888973108940255 0.0546875 0.16594316256778666
5 0.36015625 0.14399842223214812 0.053125 0.14405907220870703
2 0.35546875 0.31746319330938694 0.0640625 0.15037270472226433
8 0.5515625 0.2952286032448949 0.0625 0.1534886143631847
8 0.61171875 0.8800348744203296 0.0703125 0.12697156615858277