5 0.36953125 0.190625 0.046875 0.1328125
0 0.34921875 0.45 0.05078125 0.1515625
9 0.4140625 0.44921875 0.0375 0.09765625
4 0.4765625 0.425 0.05 0.175
8 0.47734375 0.7703125 0.05390625 0.1265625
0 0.5421875 0.43125 0.04296875 0.15390625
1 0.54375 0.24375 0.04453125 0.1890625
5 0.60703125 0.434375 0.0453125 0.1296875
11 0.6890625 0.76015625 0.06015625 0.12578125
2 0.66875 0.43828125 0.05546875 0.13828125
6 0.7046875 0.1640625 0.046875 0.15390625
7 0.73671875 0.4140625 0.06640625 0.1828125
10 0.8109375 0.41484375 0.0796875 0.1859375