3 0.24875826697202222 0.7251398588040399 0.05534200585373252 0.11281816256778647
5 0.40115655912649995 0.7336285487937771 0.06178290339440444 0.14566702400410508
9 0.5543497368195971 0.7444564436039747 0.049064734776493604 0.10809430113146803
9 0.7044542759490127 0.7615525191323312 0.056877234776493604 0.10813975292686635
0 0.812217299854922 0.8867110795353774 0.09147040339440445 0.14583974082661796
7 0.27767256556940756 0.45777509680198725 0.08405787919390768 0.21454428903121964
10 0.28250953561337416 0.34914953054520864 0.08401242739850953 0.20673178903121964
9 0.3582640354169825 0.47840069330938706 0.0459397347764936 0.10807612041330898
5 0.3616248638722054 0.38462796741168787 0.05863972267624522 0.14252384328594586
6 0.42781801131468156 0.481902422330344 0.05406130698520073 0.16124657220870695
0 0.4295118006404889 0.37017003679172455 0.052526078062439474 0.16592498184962734
2 0.4944509994108248 0.3861990368899204 0.053997674471643366 0.15030907220870696
8 0.4993652375069681 0.2908547206331417 0.05238972267624522 0.14248748184962742
8 0.5642726200205255 0.30141497073133766 0.05712267447164336 0.15032725292686616
6 0.6285982195529872 0.2119752208295335 0.0509817587805987 0.16904089149054774
11 0.686864716626121 0.1553843323640478 0.057068132317165524 0.14095225292686625
11 0.7482703701187214 0.2354985583599427 0.06175563231716552 0.1409795240041051
9 0.6279543667008758 0.504176356368153 0.04595791549465282 0.11120112041330898
2 0.6968765626425414 0.3990843353891099 0.0680783551898024 0.15351588544042355
4 0.7817969841873185 0.4923434559988106 0.0949226563212708 0.20210792154477702
1 0.7717583879745064 0.37833549815328826 0.09027151775758924 0.20833065046753826