9 0.26746229429577706 0.5828387293155446 0.056886325135573214 0.10970225292686635
6 0.34174467680933435 0.5933444372592628 0.07125789734428026 0.16290906615858275
9 0.5449701916400572 0.7437297357584522 0.0537613251355733 0.10968407220870695
9 0.627972547419035 0.507301356368153 0.0506363251355733 0.10966589149054791
9 0.488106071521336 0.5042086935057787 0.04903746369925486 0.1034068011314682
11 0.3087084212501895 0.28649499444085513 0.06488972267624522 0.14256020472226433
6 0.549516270193476 0.5851041695016737 0.06188289734428025 0.1628545240041051
11 0.3751328519683487 0.2892336541799714 0.058621541958086 0.13939884328594587
5 0.280883923980664 0.4726006660838281 0.07119426483072289 0.15197156615858276
8 0.4897044120768073 0.37607005796715925 0.05867608411256366 0.14877384328594587
3 0.2128485589301082 0.8644159822424108 0.06315450585373253 0.11286361436318444
10 0.4245839270057261 0.46317060304850327 0.0714760659621911 0.20040906615858275
8 0.6349088695295462 0.6252337449318345 0.07274767447164336 0.15041815651766227
0 0.5559248305965222 0.4780320128858153 0.060320397344280255 0.16284543364502557
7 0.4262140838179761 0.3405007175098838 0.06839651775758923 0.20820338544042355
5 0.633644267855785 0.1392871545727548 0.053934041958086 0.139371572208707
4 0.3806991342620732 0.8431262686413519 0.08543857201231528 0.18330337939029917
1 0.6334180506404887 0.3689837449318344 0.07619083703942983 0.20512383723582167
2 0.5600487283335859 0.3811297418085765 0.06184653590796181 0.1566045240041051
2 0.4738350141433519 0.602732551917035 0.06179199375348414 0.1472295240041051
0 0.36697089402463057 0.3635024011549093 0.061901078062439475 0.1659795240041051