3 0.784375 0.87265625 0.0625 0.109375
9 0.75625 0.7296875 0.0578125 0.10625
5 0.74765625 0.61640625 0.0734375 0.15
6 0.659375 0.6 0.065625 0.1625
11 0.6921875 0.28984375 0.0625 0.1421875
0 0.63671875 0.3703125 0.059375 0.171875
4 0.62109375 0.17734375 0.0671875 0.20625
11 0.55546875 0.2125 0.0515625 0.14375
8 0.60234375 0.72109375 0.065625 0.1390625
9 0.5140625 0.51015625 0.0453125 0.1078125
7 0.50078125 0.28515625 0.0578125 0.215625
2 0.5 0.12109375 0.0484375 0.1515625
2 0.44453125 0.7453125 0.06875 0.1484375
6 0.44609375 0.5015625 0.05625 0.165625
10 0.4265625 0.1078125 0.059375 0.20625
3 0.3765625 0.515625 0.0484375 0.1109375
9 0.3765625 0.4203125 0.0453125 0.109375
3 0.3765625 0.325 0.04375 0.1140625
5 0.371875 0.1421875 0.05 0.14375
0 0.2921875 0.73984375 0.075 0.1625
9 0.30390625 0.62734375 0.0546875 0.109375
1 0.30546875 0.278125 0.078125 0.2109375
8 0.23671875 0.5234375 0.0703125 0.153125