6 0.72890625 0.7300219025106417 0.0703125 0.14415906615858276
1 0.49765625 0.8255515293668584 0.065625 0.1738192950813442
11 0.63359375 0.30759239060678495 0.0546875 0.14094316256778666
0 0.2953125 0.4774993278660477 0.0578125 0.15814884328594586
5 0.2078125 0.7238652677575892 0.0703125 0.13322156615858277
10 0.56796875 0.370491845525441 0.0625 0.1941136143631848
7 0.64921875 0.47487079419758116 0.0734375 0.18636474687674198
3 0.509375 0.6185884570599554 0.0421875 0.10649543969514959
2 0.45 0.1268367734149299 0.046875 0.1487102107723885
4 0.3765625 0.36000327653818787 0.059375 0.18159543364502548
3 0.278125 0.14068058391617194 0.0421875 0.10649543969514967
8 0.3140625 0.2932334121750032 0.0609375 0.14566702400410508
3 0.42109375 0.740731101771957 0.046875 0.09871021077238851
0 0.64765625 0.5928304538385015 0.0609375 0.1503545240041051