6 0.3546875 0.71328125 0.0625 0.14375
6 0.36953125 0.29609375 0.0515625 0.1484375
9 0.42265625 0.60234375 0.04296875 0.10078125
7 0.35234375 0.47109375 0.06953125 0.184375
11 0.33359375 0.85703125 0.065625 0.12890625
9 0.42890625 0.4875 0.03984375 0.1
11 0.38203125 0.13359375 0.046875 0.1359375
0 0.709375 0.7140625 0.0671875 0.14609375
0 0.75859375 0.378125 0.05625 0.15390625
10 0.43671875 0.10546875 0.05234375 0.196875
5 0.48671875 0.84453125 0.0515625 0.13046875
1 0.69453125 0.465625 0.0609375 0.18984375
3 0.5578125 0.50234375 0.04296875 0.10625
5 0.73515625 0.86484375 0.06953125 0.12109375
8 0.74375 0.19609375 0.05859375 0.146875
3 0.64609375 0.85859375 0.0484375 0.09609375
4 0.6203125 0.2671875 0.05390625 0.1875
8 0.55546875 0.20546875 0.04609375 0.14296875
2 0.63515625 0.5953125 0.05859375 0.13515625
2 0.4890625 0.2921875 0.0453125 0.146875
3 0.61015625 0.14296875 0.0359375 0.10703125