8 0.30859375 0.1875 0.059375 0.1578125
6 0.371875 0.29765625 0.053125 0.165625
10 0.63203125 0.3734375 0.0703125 0.20625
9 0.425 0.4 0.040625 0.1046875
0 0.33984375 0.58828125 0.0625 0.1640625
3 0.621875 0.2328125 0.0421875 0.1078125
9 0.55 0.7484375 0.0484375 0.1078125
7 0.56484375 0.45703125 0.065625 0.2
2 0.49765625 0.29453125 0.05 0.153125
4 0.4875 0.46796875 0.0578125 0.2015625
5 0.56171875 0.13984375 0.0453125 0.14375
1 0.55390625 0.59296875 0.06875 0.196875
5 0.39609375 0.7359375 0.0625 0.146875
11 0.7703125 0.51171875 0.0734375 0.1390625
0 0.80703125 0.89140625 0.0921875 0.146875