10 0.5139256237329586 0.1578125 0.047956752730474506 0.1859375
5 0.6354864854638647 0.34609375 0.050754499803608154 0.1296875
7 0.6573013563681529 0.625 0.07441016842151918 0.1671875
0 0.680755995324618 0.890625 0.06324540944452864 0.128125
8 0.5197240883159762 0.63828125 0.052326090162688035 0.13125
9 0.454699052015231 0.53515625 0.03962610226293641 0.096875
1 0.4527315101553408 0.7390625 0.05724993949875792 0.171875
2 0.37289349834968 0.89921875 0.06320904800821019 0.121875
4 0.3800161728213233 0.74921875 0.06975902985783762 0.1734375
0 0.3858632144848217 0.415625 0.046176084112563666 0.1484375
5 0.3369717174116879 0.359375 0.04762949980360824 0.1296875
6 0.24939340759781695 0.64140625 0.06178290339440444 0.1453125