5 0.625 0.18828125 0.0484375 0.134375
0 0.65 0.44765625 0.053125 0.153125
9 0.58515625 0.44765625 0.0390625 0.0984375
4 0.521875 0.42421875 0.053125 0.1765625
8 0.52734375 0.76953125 0.05625 0.128125
0 0.45625 0.43203125 0.0453125 0.1546875
1 0.4515625 0.24453125 0.0484375 0.1890625
5 0.3921875 0.4359375 0.046875 0.1296875
11 0.315625 0.76328125 0.0625 0.1265625
2 0.33046875 0.44140625 0.0578125 0.1390625
6 0.28984375 0.16796875 0.05 0.1546875
7 0.26171875 0.41796875 0.0703125 0.184375
10 0.1875 0.4203125 0.0828125 0.1875