11 0.6789239098373121 0.13125 0.052362451599006474 0.1375
5 0.7221683531466991 0.48671875 0.06490790339440444 0.1453125
3 0.7473082119507388 0.73125 0.052207915494652826 0.1109375
11 0.6252898497288536 0.21875 0.049255632317165524 0.140625
0 0.6400103590004316 0.37421875 0.05254425878059869 0.16875
9 0.6479990792407898 0.6125 0.045912463699254856 0.103125
6 0.6676252571302788 0.73046875 0.0633999455488821 0.1546875
2 0.5602148164531704 0.12421875 0.04620335518980241 0.153125
8 0.503732491415793 0.2984375 0.04931017447164336 0.15
10 0.5942145073266705 0.86015625 0.07454652380771343 0.190625
7 0.5160349651721927 0.86953125 0.06047493344863373 0.1890625
8 0.3565872422995558 0.88203125 0.07417381908544902 0.1265625
2 0.5191110099589491 0.609375 0.053988584112563666 0.1484375
6 0.4352193616327102 0.1234375 0.0431692587805987 0.16875
0 0.3724961269544124 0.29609375 0.04939198770335986 0.1640625
9 0.43840643150372605 0.515625 0.04278746369925486 0.103125
9 0.4417531035394825 0.74609375 0.04748405405833438 0.1046875
9 0.37283597365820387 0.50625 0.0428147347764936 0.1078125
4 0.19342014266889815 0.728125 0.1026897045258726 0.19375
1 0.2306126331027325 0.378125 0.08400333703942993 0.2046875
5 0.26198132865161466 0.2234375 0.05706813231716561 0.140625