0 0.3440110160090733 0.628585104895215 0.05709540339440444 0.14563975292686634
5 0.35623077752014654 0.2739566922292324 0.050763590162687854 0.13154089149054773
10 0.4129529553114395 0.32741349033563855 0.05890334308955421 0.18783634328594587
9 0.4148234857584523 0.5430566710537977 0.042751102262936234 0.09712043969514958
8 0.47596954313643636 0.6418532402374426 0.052326090162687855 0.13154998184962743
7 0.5305484797083281 0.5265418576256895 0.05101812021691714 0.1752908914905479
1 0.5405916211006799 0.4117526497801672 0.04792948165323559 0.18152271077238852
5 0.5289279341360048 0.26792992690753026 0.04296018052176755 0.13305793969514967
2 0.6244792451282262 0.7645963695295462 0.060138590162687855 0.1315954336450254
4 0.6016649556060271 0.5230492189638121 0.06356357201231529 0.1831761143631848
0 0.6038683259211401 0.4129020593228917 0.04770222267624522 0.14246021077238852
6 0.6342199430147993 0.16463273096586462 0.04621244554888211 0.15495112041330888
11 0.8596895164018568 0.8909690137505685 0.08196813836728971 0.12391019867214012