11 0.19667643199470547 0.8386710936787292 0.09305108411256371 0.1489738311856975
6 0.21626729020957008 0.6940307593697739 0.08997153590796181 0.1567681504675381
8 0.24123144965409876 0.5657648588040398 0.08836358411256366 0.14894656010845858
7 0.2631660578689634 0.421110888956465 0.0965760599120669 0.21774201190385672
10 0.2778467022863774 0.3147790757247484 0.09968287919390768 0.21463519262201594
8 0.29782792506081845 0.2373216962362532 0.07592721662612104 0.1598113372358217
6 0.3171188014260557 0.1442438619272978 0.06666130093507636 0.17850679508134393
11 0.33083638866187737 0.0702210755283567 0.06332722267624522 0.1404421510567134
9 0.2863792814289714 0.8623671480316514 0.06154655405833438 0.10504202400410492
9 0.31151161251647297 0.7051949974659173 0.05849427693097127 0.11752384328594587
9 0.33018486534514335 0.5839967083365016 0.05533291549465282 0.11125566256778666
9 0.3464870970965749 0.4674995547457055 0.052217005853732526 0.11279998184962743
9 0.3619353559753694 0.363506946334449 0.04909200585373252 0.11278180113146821
9 0.3726552082383058 0.26657285900043154 0.04752950585373252 0.11277271077238851
9 0.3833250635263042 0.17823252166641407 0.04595791549465282 0.1112011204133089
9 0.40026309953246175 0.08673082289607806 0.044404505853732346 0.11275453005422928
3 0.6977319554096354 0.3857712691323313 0.05378859621281222 0.11437157220870695
5 0.793251450145078 0.8867610765103153 0.10083631303532492 0.14433178298109545
3 0.6970592688377437 0.5013962691323313 0.058485186571891744 0.11596134328594587
3 0.695582606368153 0.620932064311871 0.05536018657189175 0.11594316256778647
3 0.6935716962362533 0.2951735402095701 0.052226096212812045 0.11436248184962743
5 0.7602875393258073 0.10729174512822617 0.06492608411256366 0.1488102047222643
1 0.7824473229942739 0.46105709456249216 0.10433401775758906 0.20841246369925487
3 0.7011321278381752 0.8755786576960128 0.06471700585373252 0.11287270472226432
4 0.781475696334449 0.3595036849215717 0.10279878883482799 0.21309087334017515
0 0.7663961178792261 0.26584458851236786 0.07290221057599666 0.17698065651766245
3 0.6918915424490653 0.18112467574818952 0.04906473477649378 0.10809430113146816
0 0.7871570280111259 0.5914940283057135 0.09005334913967822 0.1708306504675381
3 0.693863108607648 0.11080308538910992 0.04757495764913067 0.12058521077238851
3 0.6956457180008631 0.7443650191323312 0.060038596212812226 0.1144079336450254
2 0.7910127601553408 0.7344355072284745 0.09772949375348414 0.14743860226293642
2 0.7645159761922866 0.1861707240509873 0.07440107806243948 0.16605224687674203