11 0.31953125 0.13359375 0.0484375 0.13671875
8 0.31328125 0.2078125 0.05546875 0.14921875
6 0.3078125 0.28984375 0.0546875 0.1671875
10 0.29140625 0.378125 0.075 0.20234375
7 0.290625 0.4765625 0.07265625 0.19921875
6 0.27734375 0.609375 0.0671875 0.15625
2 0.7625 0.22265625 0.06328125 0.14765625
1 0.79453125 0.4796875 0.0859375 0.1984375
5 0.7375 0.13359375 0.05078125 0.140625
4 0.78203125 0.38046875 0.08046875 0.2015625
0 0.80546875 0.62421875 0.075 0.15625
8 0.2640625 0.73671875 0.07734375 0.12890625
2 0.82109375 0.74453125 0.08203125 0.1359375
11 0.259375 0.884375 0.0734375 0.134375
5 0.8296875 0.890625 0.08359375 0.13671875
0 0.76640625 0.3015625 0.0609375 0.1703125