7 0.33800191052468315 0.58515625 0.0824135659621911 0.2
10 0.5033006993595113 0.37265625 0.062110156321270794 0.2015625
6 0.7284173113850049 0.75546875 0.07586358411256366 0.1484375
11 0.5147977773237548 0.1421875 0.04771131303532492 0.14375
1 0.7756393076725716 0.29296875 0.08715560811666875 0.209375
0 0.5542445340612501 0.61328125 0.06186471662612103 0.159375
4 0.578187069871016 0.3921875 0.06522606596219109 0.2
5 0.6319852773237548 0.1421875 0.05082722267624522 0.1421875
8 0.4236490399149825 0.50078125 0.0601749515990063 0.1375
8 0.6401047660090733 0.6265625 0.069559041958086 0.1390625
2 0.3763978317748727 0.296875 0.061801084112563666 0.1484375
0 0.5623535124930319 0.29375 0.054106758780598695 0.16875