9 0.2703125 0.60078125 0.04921875 0.10546875
6 0.3453125 0.60625 0.05859375 0.159375
9 0.5578125 0.74375 0.0453125 0.10703125
9 0.62578125 0.50234375 0.0421875 0.10703125
9 0.4859375 0.5078125 0.04140625 0.10078125
11 0.29296875 0.30234375 0.0546875 0.1390625
6 0.55234375 0.58515625 0.04921875 0.16015625
11 0.359375 0.30078125 0.0484375 0.1359375
5 0.2765625 0.48984375 0.06015625 0.1484375
8 0.47890625 0.38046875 0.04765625 0.1453125
3 0.234375 0.88515625 0.05546875 0.10859375
10 0.41953125 0.47109375 0.05625 0.19609375
8 0.63984375 0.61953125 0.06171875 0.1453125
0 0.5515625 0.47734375 0.04765625 0.159375
7 0.41328125 0.3484375 0.053125 0.20390625
5 0.6078125 0.134375 0.04296875 0.13671875
4 0.4 0.853125 0.07265625 0.17890625
1 0.621875 0.3640625 0.0609375 0.20078125
2 0.54921875 0.38046875 0.05 0.153125
2 0.47734375 0.60703125 0.0515625 0.14375
0 0.35546875 0.37578125 0.05 0.16328125