6 0.7340411183702054 0.5988218994855796 0.06965903590796181 0.15664997579950324
0 0.7188347957687149 0.3924764507152436 0.061937439498758094 0.1722295240041051
9 0.6318438558771736 0.304467390606785 0.041252234776493604 0.10804884933607006
10 0.17391109768575005 0.8596345961146163 0.11517152380771338 0.19128859621281222
5 0.4440671208060924 0.21665325233769103 0.04457722267624522 0.14244203005422928
7 0.2665648104030462 0.10858570140261463 0.06994992739850954 0.20664997579950314
0 0.5074256388582692 0.2037401618804156 0.04473175878059869 0.16900453005422927
2 0.24219048253699843 0.40376639119596014 0.06650676483072289 0.15194429508134383
4 0.5114303201656035 0.589714023316734 0.058939704525872647 0.19408634328594587
5 0.7731025766085112 0.8678082488216496 0.08364881303532493 0.14423178903121964
1 0.6931500363007452 0.10716111943135027 0.06682492739850954 0.20663179508134397
11 0.4456133808632373 0.8909038185944697 0.058621541958086 0.13939884328594587
8 0.5260639501450781 0.89449697208707 0.060156770880847074 0.1347204336450254