8 0.66640625 0.19840828814745698 0.0671875 0.15351588544042355
6 0.67890625 0.2797310110200939 0.065625 0.16600679508134392
6 0.66796875 0.7296673785065366 0.06875 0.15508747579950324
2 0.35859375 0.3231799874087723 0.0640625 0.15193520472226432
7 0.7078125 0.4666179326630669 0.0875 0.20519656010845858
10 0.55546875 0.3774503726528041 0.0671875 0.20039088544042355
8 0.58125 0.6205691135776178 0.065625 0.13631929508134383
11 0.52421875 0.8858623154712116 0.0625 0.13942611436318444
0 0.4265625 0.3071691680287357 0.053125 0.16905907220870695
5 0.35625 0.15129135187015283 0.053125 0.14249657220870698
0 0.44140625 0.617411776439992 0.0625 0.1597386143631848
1 0.278125 0.497711833916172 0.0921875 0.2083488311856975
5 0.27421875 0.7719078580184728 0.0796875 0.1457761083130606
4 0.4125 0.39771235479701905 0.06875 0.20039997579950325
2 0.359375 0.9075595325883121 0.08125 0.13641019867214013
11 0.47265625 0.14884358362158437 0.0515625 0.14404998184962733