9 0.66953125 0.8609375 0.053125 0.0953125
9 0.66015625 0.734375 0.05 0.096875
9 0.646875 0.61640625 0.046875 0.1
9 0.634375 0.5078125 0.04375 0.103125
11 0.7609375 0.8515625 0.075 0.128125
6 0.7234375 0.59609375 0.071875 0.15
9 0.6125 0.31484375 0.0421875 0.1015625
3 0.365625 0.86640625 0.0515625 0.096875
6 0.6890625 0.30546875 0.0578125 0.1578125
5 0.278125 0.87421875 0.071875 0.1234375
0 0.22578125 0.6234375 0.0703125 0.15625
9 0.6015625 0.1546875 0.0375 0.103125
7 0.70859375 0.475 0.0796875 0.1828125
3 0.31484375 0.50703125 0.046875 0.10625
9 0.61171875 0.228125 0.040625 0.1046875
2 0.20859375 0.74140625 0.08125 0.128125
3 0.309375 0.32890625 0.046875 0.1109375
3 0.4390625 0.2359375 0.0359375 0.1
3 0.37109375 0.325 0.040625 0.1015625
11 0.67109375 0.13203125 0.0578125 0.1375
5 0.25078125 0.1421875 0.053125 0.1359375
0 0.25 0.28828125 0.059375 0.159375
1 0.23203125 0.4734375 0.084375 0.1828125
3 0.31328125 0.15390625 0.040625 0.10625
8 0.67265625 0.21328125 0.0625 0.1421875
8 0.29765625 0.62421875 0.0703125 0.1328125