9 0.6644019685710286 0.8640625 0.050545421544777015 0.09375
9 0.6574292850241991 0.73984375 0.04743860226293641 0.096875
9 0.5193424359827166 0.5046875 0.03966246369925486 0.103125
3 0.36123606195517033 0.85703125 0.04743860226293624 0.096875
9 0.6229209121750031 0.3140625 0.038081782981095456 0.1
6 0.7276867219888741 0.59609375 0.06958631303532492 0.14375
0 0.31078452653818783 0.3765625 0.052453355189802583 0.153125
11 0.7565667426733296 0.86015625 0.06944995764913067 0.1203125
0 0.2939980440993853 0.7140625 0.06333631303532483 0.14375
11 0.6859016594445286 0.128125 0.05078177088084708 0.134375
5 0.2698752637505684 0.86484375 0.06631586729005097 0.11875
3 0.4450918697259379 0.49921875 0.04122496369925486 0.103125
1 0.29321172803899836 0.57890625 0.0682601623713949 0.184375
6 0.7017998910977643 0.309375 0.05715903590796181 0.15625
8 0.25739084006449203 0.19609375 0.060238584112563665 0.1484375
9 0.6172516533944045 0.1453125 0.03497496369925486 0.103125
8 0.4457129966803503 0.203125 0.04615790339440444 0.1453125
7 0.7137236950579029 0.47890625 0.07919766237139499 0.184375
9 0.624746511707465 0.225 0.038090873340175156 0.1015625
9 0.6473497821955286 0.61875 0.044349963699254855 0.103125
3 0.3273624515990064 0.1375 0.03811814441741408 0.10625
2 0.20345031215156206 0.72734375 0.07732609016268785 0.13125