11 0.76171875 0.8739628000513135 0.0875 0.14582156010845856
6 0.7578125 0.7278463241536146 0.084375 0.15517837939029916
8 0.746875 0.5980951916400572 0.0828125 0.14579428903121966
7 0.74140625 0.4519696253832787 0.0875 0.21613406010845856
10 0.73828125 0.34492019466511936 0.090625 0.2130272408266179
8 0.72734375 0.26595031215156206 0.0703125 0.15665906615858277
6 0.71796875 0.17058326999708434 0.059375 0.1769079336450255
11 0.71328125 0.09321224891984549 0.0578125 0.14564884328594585
9 0.66953125 0.8882702188656161 0.0578125 0.10346134328594588
9 0.66171875 0.7288497670702181 0.0546875 0.11594316256778665
9 0.65703125 0.6069474959929793 0.05 0.10966589149054791
9 0.653125 0.48973727009528023 0.046875 0.1112102107723885
9 0.64921875 0.38502704419758116 0.0453125 0.11120112041330898
9 0.64921875 0.28658954419758115 0.04375 0.11119203005422928
9 0.6484375 0.19752249901804136 0.0421875 0.10962043969514967
9 0.64140625 0.10529409240218308 0.040625 0.11117384933607007
3 0.3125 0.3713493218159235 0.05 0.11279089149054773
5 0.1625 0.8587578973442802 0.096875 0.14118860226293642
3 0.30078125 0.4861248941228264 0.053125 0.11437157220870695
3 0.28828125 0.6055834212501894 0.0515625 0.11436248184962743
3 0.32734375 0.28159193022717993 0.046875 0.11277271077238851
5 0.28046875 0.08835046945479139 0.059375 0.14722043364502546
1 0.2203125 0.4372192406302261 0.0953125 0.2052420119038567
3 0.25546875 0.8569550237095175 0.059375 0.1112829336450254
4 0.23203125 0.33650616832332325 0.09375 0.20992042154477702
0 0.25703125 0.24524536406859712 0.065625 0.17538179508134394
3 0.34140625 0.16917374345889646 0.04375 0.10650453005422929
0 0.20078125 0.5667931111417308 0.0828125 0.16923178903121966
3 0.346875 0.09889305971567514 0.04375 0.11900453005422931
3 0.275 0.7273811531980128 0.05625 0.11282725292686635
2 0.18203125 0.7080902768327755 0.0921875 0.1442863311856975
2 0.26796875 0.16562149658215444 0.06875 0.16289997579950316