6 0.26298775410521663 0.721875 0.06801472267624523 0.1421875
1 0.4920889259445813 0.82265625 0.0634999394987581 0.171875
11 0.3677768106976338 0.3015625 0.05238063231716561 0.140625
0 0.7018967597625574 0.4796875 0.05715903590796181 0.15625
5 0.784049687848438 0.72734375 0.06951359016268785 0.13125
10 0.43224331079582967 0.36640625 0.060502204525872474 0.19375
7 0.34883539227611465 0.46875 0.0698226623713949 0.184375
3 0.4846996485226306 0.615625 0.04124314441741408 0.10625
2 0.5555227712736306 0.125 0.044613584112563665 0.1484375
4 0.6236859222321481 0.36015625 0.05730448165323558 0.18125
3 0.727293232144215 0.14296875 0.041243144417413904 0.10625
8 0.6881302173134921 0.29453125 0.05864881303532492 0.14375
3 0.570695714975801 0.73984375 0.04587610226293641 0.096875
0 0.3473678201656035 0.58671875 0.060247674471643274 0.15