9 0.3584715510332723 0.11536294222923246 0.042842005853732434 0.11274543969514968
9 0.35042776775758916 0.20984419525429457 0.04127950585373252 0.11273634933607006
9 0.34780728268650796 0.2965447645361353 0.04127041549465282 0.11117384933607007
6 0.7247459908266178 0.09483838143340281 0.05728630093507654 0.17845225292686623
6 0.6033755057555366 0.18084808342519262 0.04943743949875792 0.17215680113146817
9 0.4787265263417961 0.5090180143397436 0.04437723477649378 0.10806703005422928
11 0.4876101260706497 0.29032710167376113 0.04772949375348414 0.1471477107723885
8 0.5494738009350765 0.18131571603694582 0.05405221662612103 0.159684072208707
0 0.6711311531980128 0.2788952188656162 0.05571471057599666 0.17688066256778665
3 0.7455089844819061 0.30667076092189804 0.04598518657189175 0.11588862041330898
0 0.5950403101084586 0.09095888162979454 0.04633062021691714 0.17526362041330892
9 0.7058980804001305 0.6150236164062882 0.05534200585373235 0.11281816256778647
10 0.3261782432625048 0.4729754543294809 0.08247719847574837 0.21141019867214011
5 0.6667522045258727 0.19762249296791715 0.05398858411256384 0.148746572208707
7 0.47603383927892506 0.7175890384420446 0.06206470452587247 0.1941045240041051
9 0.31773150165032 0.9010368218159236 0.05684996369925477 0.10345225292686636
2 0.4638448522629363 0.09957029146710665 0.04782039734428025 0.16277271077238856
11 0.5589594478865731 0.6032316226528041 0.05397040339440444 0.14562157220870695
3 0.5436833849494442 0.39455605942108757 0.042842005853732344 0.11274543969514958
4 0.6153856681269315 0.36528671593874995 0.07153060811666875 0.20978406615858286
5 0.630838993066113 0.6044310291704665 0.06335449375348397 0.1472386143631848
2 0.7763009631100796 0.4966872277444108 0.0790249455488821 0.15514201795398092
8 0.40192871876742037 0.7366884963857627 0.06800563231716553 0.14101588544042337
3 0.7348326432390636 0.8886201976901816 0.06160109621281205 0.11441702400410492
3 0.5685127516503201 0.9024958244482022 0.0506363251355733 0.10966589149054791
1 0.6519656010845859 0.8787634086589617 0.08855448165323558 0.18175906010845858