11 0.21744970051885187 0.85078125 0.08677381303532483 0.14375
6 0.23144804712444741 0.70546875 0.08527494554888211 0.1546875
9 0.3089832155459665 0.87265625 0.05684087334017516 0.1015625
8 0.40024349891984545 0.71328125 0.067996541958086 0.1390625
10 0.33618904751723083 0.44609375 0.08403060811666876 0.209375
9 0.3672112676593933 0.27265625 0.044404505853732526 0.1125
8 0.2904896863755 0.2453125 0.06965903590796181 0.15625
6 0.3063596051898025 0.153125 0.05883971057599684 0.1765625
11 0.31684258723582165 0.075 0.058666993753484054 0.146875
9 0.3864738311856974 0.0921875 0.03971700585373252 0.1125
9 0.3729522075509347 0.18515625 0.041261325135573214 0.109375
2 0.49030281313352064 0.07890625 0.04935562626704133 0.1578125
7 0.4759202097904298 0.6953125 0.06521697560311139 0.1984375
9 0.48721119203284075 0.4875 0.0459397347764936 0.1078125
3 0.5574752577004443 0.88203125 0.05059996369925486 0.103125
3 0.5576686168972674 0.378125 0.044413596212812226 0.1140625
3 0.5688237646343313 0.28125 0.041261325135573304 0.109375
1 0.644620212815492 0.68671875 0.08393061416679296 0.1921875
4 0.630147604895215 0.34765625 0.07464651775758924 0.2078125
3 0.7230593510845859 0.875 0.060029505853732346 0.1125
9 0.708963993066113 0.60078125 0.0537613251355733 0.109375
0 0.6913982014026147 0.2671875 0.05883971057599684 0.1765625
5 0.6909209575509347 0.18515625 0.05710449375348396 0.146875
3 0.7626555778660478 0.2953125 0.04911927693097127 0.1171875
3 0.7849219841873184 0.496875 0.05690450585373234 0.1125
2 0.8073792880492612 0.73125 0.09147949375348396 0.146875
5 0.8191894625209045 0.88125 0.09300563231716552 0.140625