3 0.74140625 0.890625 0.0578125 0.1078125
5 0.75 0.73671875 0.0765625 0.1453125
9 0.72734375 0.6265625 0.0515625 0.1078125
6 0.72578125 0.49375 0.06875 0.1609375
2 0.72109375 0.39296875 0.0671875 0.153125
4 0.59140625 0.8671875 0.078125 0.184375
5 0.5859375 0.7421875 0.0609375 0.14375
0 0.57421875 0.12109375 0.046875 0.175
1 0.5 0.85546875 0.065625 0.184375
8 0.51640625 0.20625 0.0484375 0.1515625
6 0.39296875 0.2078125 0.05 0.1703125
8 0.43828125 0.48515625 0.0609375 0.146875
10 0.41796875 0.86015625 0.0765625 0.1921875
9 0.43359375 0.74296875 0.046875 0.103125
11 0.38125 0.39296875 0.0578125 0.140625
7 0.3328125 0.85 0.0875 0.190625
0 0.165625 0.86953125 0.090625 0.1453125
9 0.20625 0.72890625 0.059375 0.1078125
9 0.296875 0.62421875 0.05 0.109375
11 0.3171875 0.40078125 0.0609375 0.14375
2 0.24140625 0.3984375 0.071875 0.1515625