3 0.2453125 0.88203125 0.05390625 0.10625
5 0.2421875 0.728125 0.07109375 0.1421875
9 0.26875 0.61875 0.04765625 0.10546875
6 0.27421875 0.4859375 0.0625 0.159375
2 0.2828125 0.38515625 0.0625 0.15078125
4 0.39609375 0.8640625 0.071875 0.18203125
5 0.40546875 0.7390625 0.05546875 0.1421875
0 0.4390625 0.11875 0.040625 0.17421875
1 0.4875 0.85546875 0.059375 0.1828125
8 0.49375 0.20546875 0.04375 0.15078125
6 0.6171875 0.21171875 0.04375 0.16875
8 0.5625 0.4875 0.05625 0.14453125
10 0.56953125 0.8625 0.0703125 0.18984375
9 0.5578125 0.7453125 0.04375 0.1015625
11 0.62265625 0.396875 0.05234375 0.13828125
7 0.6546875 0.85546875 0.08046875 0.1875
0 0.82109375 0.88125 0.08515625 0.14296875
9 0.7859375 0.7390625 0.05625 0.10625
9 0.6984375 0.63125 0.046875 0.1078125
11 0.6859375 0.40703125 0.05546875 0.1421875
2 0.76171875 0.4078125 0.06640625 0.15