6 0.2671875 0.721875 0.0671875 0.1421875
1 0.496875 0.82265625 0.0625 0.171875
11 0.36953125 0.3015625 0.0515625 0.13984375
0 0.7046875 0.4796875 0.05546875 0.15703125
5 0.78828125 0.72734375 0.06796875 0.13203125
10 0.434375 0.36640625 0.05859375 0.19296875
7 0.3515625 0.46875 0.06953125 0.184375
3 0.48828125 0.615625 0.03984375 0.10625
2 0.55625 0.125 0.04375 0.1484375
4 0.62578125 0.36015625 0.05546875 0.18046875
3 0.728125 0.14296875 0.03984375 0.10625
8 0.68984375 0.29453125 0.0578125 0.14453125
3 0.575 0.73984375 0.0453125 0.09765625
0 0.35078125 0.58671875 0.05859375 0.14921875