6 0.7238308470965749 0.4737582669720222 0.06813289734428025 0.16289088544042354
0 0.6480041453011769 0.4811298845566608 0.055678349139678215 0.17063066256778664
9 0.6279421510567135 0.3036634147090859 0.03815450585373235 0.11271816861791084
5 0.771544621788051 0.86701790846257 0.08209540339440444 0.14578519867214013
5 0.5058040515242516 0.21388732152133594 0.04456813231716552 0.1408795300542293
7 0.4400967174116879 0.3619475716195318 0.05907605991206673 0.21752384328594587
10 0.36201210314669907 0.48884134884509073 0.07148515632127062 0.20197156615858275
11 0.30703423253699846 0.4041436410977643 0.05552381303532483 0.14406816256778665
2 0.3075796540817755 0.3103936410977643 0.06492608411256366 0.1488102047222643
8 0.4437903857350111 0.12992995715815125 0.05090903590796181 0.15654089149054778
4 0.5816706181738137 0.46824354429577697 0.06214651775758924 0.20816702400410508
0 0.5704518379231927 0.3822378666026799 0.047856758780598696 0.1690227107723885
1 0.4387513442679046 0.5931975716195318 0.0667794756031114 0.19881929508134383