11 0.6796875 0.1352043061996337 0.0515625 0.13779998184962744
5 0.725 0.4909366766129426 0.0640625 0.14568520472226432
3 0.7515625 0.7356224627172961 0.0515625 0.11123748184962742
11 0.6265625 0.2223952339909267 0.0484375 0.1409068011314681
0 0.6421875 0.37795488758172285 0.0515625 0.16904998184962744
9 0.6515625 0.6162906797362006 0.0453125 0.10338862041330898
6 0.671875 0.7343776044042356 0.0625 0.1550511143631848
2 0.5609375 0.12748218890958277 0.0453125 0.15338862041330895
8 0.50546875 0.3013782311622563 0.0484375 0.15028180113146822
10 0.59921875 0.8636424027070333 0.0734375 0.19105224687674216
7 0.52109375 0.8725628847530527 0.059375 0.1894079336450254
8 0.36171875 0.8841356681269315 0.0734375 0.1269897468767418
2 0.52265625 0.6124157251121322 0.053125 0.14874657220870696
6 0.4359375 0.12597371018321332 0.0421875 0.16899543969514969
0 0.37421875 0.2982708909995685 0.0484375 0.1643443011314682
9 0.44140625 0.518193026439992 0.0421875 0.10337043969514959
9 0.44609375 0.748689047517231 0.046875 0.10496021077238851
9 0.37578125 0.508436231358648 0.0421875 0.10805793969514958
4 0.19765625 0.7292749304235716 0.1015625 0.19434087334017533
1 0.2328125 0.37947946350286305 0.0828125 0.20516928903121973
5 0.26328125 0.22496922550491555 0.05625 0.14095225292686617