11 0.7059349627172962 0.7515625 0.0632908612399266 0.1359375
8 0.4973690046753821 0.890625 0.06166472872636941 0.125
9 0.4234850353187866 0.5453125 0.0443681444174139 0.10625
5 0.3494884782353901 0.44921875 0.05860336123992678 0.1359375
5 0.5889908188890572 0.25625 0.04921927088084708 0.134375
1 0.466198213502863 0.2328125 0.05893970452587247 0.19375
0 0.6040532583878153 0.428125 0.05714085518980259 0.153125
0 0.35445375506816557 0.63125 0.06495335518980258 0.153125
2 0.4881656797362005 0.6515625 0.05702268052176755 0.1328125
7 0.832424218963812 0.6046875 0.09482266237139499 0.184375
10 0.7676743550916066 0.21796875 0.08234993344863391 0.1890625
6 0.6891493792921035 0.14921875 0.05405221662612103 0.159375
4 0.7280902012062229 0.396875 0.08390334308955402 0.1875