9 0.72421875 0.6125 0.0546875 0.1078125
6 0.64921875 0.6140625 0.0671875 0.1625
9 0.4296875 0.740625 0.0515625 0.109375
9 0.37421875 0.49609375 0.0484375 0.109375
9 0.51328125 0.50859375 0.046875 0.103125
11 0.7171875 0.31328125 0.0625 0.1421875
6 0.44296875 0.58203125 0.0578125 0.1625
11 0.65078125 0.30859375 0.05625 0.1390625
5 0.7234375 0.5015625 0.0671875 0.1515625
8 0.52734375 0.38203125 0.0546875 0.146875
3 0.7453125 0.8984375 0.0609375 0.1109375
10 0.58203125 0.475 0.0671875 0.1984375
8 0.35390625 0.61171875 0.06875 0.1484375
0 0.45 0.475 0.05625 0.1609375
7 0.59453125 0.353125 0.0640625 0.20625
5 0.41171875 0.12890625 0.05 0.1390625
4 0.58125 0.8578125 0.08125 0.1828125
1 0.38515625 0.3578125 0.071875 0.203125
2 0.45703125 0.378125 0.0578125 0.15625
2 0.5171875 0.6078125 0.059375 0.146875
0 0.65078125 0.38359375 0.0578125 0.165625