9 0.371875 0.096875 0.03671875 0.11171875
9 0.5484375 0.0984375 0.034375 0.11640625
9 0.42421875 0.38203125 0.0390625 0.10625
6 0.29296875 0.16015625 0.053125 0.17734375
11 0.3015625 0.08046875 0.053125 0.14765625
9 0.4828125 0.48671875 0.04140625 0.10703125
7 0.4828125 0.1375 0.046875 0.22578125
3 0.55859375 0.2765625 0.0359375 0.11171875
9 0.48671875 0.60625 0.04453125 0.10390625
0 0.68125 0.25859375 0.05078125 0.171875
8 0.28125 0.25234375 0.06328125 0.1546875
3 0.66875 0.1734375 0.03984375 0.10546875
5 0.73515625 0.09375 0.05546875 0.146875
3 0.5515625 0.375 0.03984375 0.1140625
3 0.6671875 0.1015625 0.03984375 0.1171875
3 0.7015625 0.48984375 0.04765625 0.11328125
2 0.74296875 0.17109375 0.06484375 0.16328125
6 0.234375 0.71484375 0.0796875 0.15390625
10 0.4828125 0.83046875 0.0640625 0.18828125
9 0.315625 0.8765625 0.05390625 0.10390625
3 0.70703125 0.61171875 0.04921875 0.1140625
4 0.6234375 0.34375 0.06640625 0.21171875
0 0.7953125 0.57578125 0.08046875 0.16875
1 0.6453125 0.57890625 0.07421875 0.1984375
11 0.225 0.86015625 0.08125 0.1421875
8 0.40390625 0.71484375 0.065625 0.13515625
3 0.73125 0.865625 0.0578125 0.11171875
3 0.7171875 0.73359375 0.0546875 0.11015625
2 0.81171875 0.71953125 0.0859375 0.14453125
5 0.8265625 0.86875 0.090625 0.13984375
9 0.36171875 0.1890625 0.0390625 0.11171875
9 0.3578125 0.2765625 0.04140625 0.1125