11 0.3140766564194665 0.13489613300453665 0.0523624515990063 0.13779998184962738
8 0.30982094847574837 0.2091421540817755 0.05868517447164336 0.15033634328594586
6 0.3056106923274283 0.2912006751590144 0.0587942587805987 0.16908634328594588
10 0.2912850927949665 0.38034953357027074 0.07930674668035032 0.2035795179539809
7 0.29342028541698245 0.4787779432111911 0.07772606596219109 0.2004454275949012
6 0.28247421593874994 0.6116586209042882 0.07123062626704132 0.15822156615858277
2 0.7590806050916067 0.2135599258463854 0.06648858411256367 0.148819295081344
1 0.796508923980664 0.46960084758755416 0.0902260659621911 0.20051815046753826
5 0.7320044998036083 0.12543321195073892 0.05395222267624522 0.14249657220870698
4 0.781873731358648 0.3712451608192707 0.08555674668035032 0.20361587939029935
0 0.8114122821955286 0.6140502843558376 0.07904312626704132 0.1582670179539809
8 0.2722775802037388 0.7390660034178456 0.08044199980360825 0.13015110831306043
2 0.8292997398446591 0.7342627904059619 0.08517495159900648 0.13799087939029916
11 0.2715741191367627 0.8867313437769251 0.07579086123992677 0.1363738372358217
5 0.8418684384186033 0.8802883627128647 0.08673745159900648 0.13799996974937906
0 0.7650084182251273 0.29243435958960673 0.06506243949875809 0.1722477047222643