3 0.24031502877768304 0.88671875 0.05686814441741399 0.10625
9 0.2605724657423582 0.74296875 0.053724963699254766 0.103125
5 0.26225261952954615 0.62890625 0.06647040339440444 0.1453125
10 0.27389358059652225 0.48125 0.08243174668035032 0.203125
11 0.3124868853422277 0.13203125 0.05079995159900639 0.1375
11 0.370744812937129 0.20859375 0.047674951599006296 0.1375
6 0.34884864968197127 0.6078125 0.057168126267041416 0.1578125
0 0.35844077653818784 0.3765625 0.0509817587805987 0.16875
8 0.41281622179248245 0.72578125 0.060156770880847074 0.134375
4 0.438118144417414 0.10625 0.046494246680350314 0.203125
9 0.4889145925985748 0.51171875 0.041243144417413904 0.10625
2 0.4907487616092691 0.28984375 0.044631764830722884 0.1515625
0 0.568299128211949 0.8625 0.05397949375348414 0.146875
6 0.5565429750139362 0.5875 0.050927216626120854 0.159375
3 0.556237927103922 0.40078125 0.0381363251355733 0.109375
3 0.5651629543294808 0.3234375 0.0381363251355733 0.109375
2 0.552798788834828 0.2125 0.047756764830722886 0.1515625
9 0.6372258693331544 0.75859375 0.04748405405833438 0.1046875
5 0.609380066060387 0.13515625 0.0429874515990063 0.1375
1 0.6977072887366321 0.27734375 0.06838742739850953 0.20625
9 0.7022912913689108 0.528125 0.0459397347764936 0.1078125
8 0.8043315561014378 0.74453125 0.08206813231716552 0.140625
7 0.7495192527304745 0.1859375 0.060611288834827984 0.2125