9 0.38125 0.13984375 0.03359375 0.1078125
9 0.365625 0.3109375 0.03828125 0.10625
9 0.48671875 0.5109375 0.040625 0.10390625
9 0.3234375 0.88046875 0.04921875 0.1046875
9 0.703125 0.61953125 0.0515625 0.10859375
11 0.5625 0.603125 0.05078125 0.146875
10 0.34296875 0.4765625 0.06796875 0.2078125
11 0.50078125 0.30703125 0.0453125 0.14296875
8 0.5609375 0.20390625 0.0484375 0.1515625
8 0.409375 0.72734375 0.059375 0.13671875
7 0.48125 0.70859375 0.05703125 0.20078125
6 0.6171875 0.20078125 0.0421875 0.1671875
6 0.73203125 0.125 0.053125 0.171875
3 0.56484375 0.8875 0.04609375 0.11171875
3 0.72578125 0.87890625 0.06171875 0.1125
3 0.746875 0.325 0.04296875 0.11640625
3 0.553125 0.4078125 0.0390625 0.1109375
1 0.64765625 0.86484375 0.078125 0.184375
5 0.63125 0.60625 0.05546875 0.14453125
5 0.67421875 0.2203125 0.0515625 0.14296875
0 0.67890625 0.29921875 0.04921875 0.16015625
0 0.609375 0.1140625 0.04296875 0.16796875
2 0.48125 0.125 0.040625 0.15234375
4 0.553125 0.10546875 0.04609375 0.19921875
2 0.7734375 0.50546875 0.071875 0.14765625
9 0.3703125 0.22578125 0.0359375 0.10390625