3 0.7667434922995557 0.88203125 0.05843973477649378 0.1078125
9 0.7433565101553408 0.7390625 0.05529655405833438 0.1046875
5 0.740113856368153 0.625 0.06804199375348396 0.146875
10 0.7261291453011768 0.47734375 0.08555674668035032 0.203125
11 0.6812812953759315 0.12890625 0.053934041958086 0.1390625
11 0.6238000726014905 0.20625 0.050809041958086 0.1390625
6 0.6527274858566481 0.60546875 0.06030221662612103 0.159375
0 0.6392291090004315 0.37421875 0.05255334913967822 0.1703125
8 0.5910991185665971 0.72421875 0.061728361239926775 0.1359375
4 0.5548551507621258 0.10546875 0.04961924668035032 0.203125
9 0.5110854074014253 0.51171875 0.0428056444174139 0.10625
2 0.5053449883907308 0.28984375 0.046194264830722885 0.1515625
0 0.43794632660851124 0.86328125 0.05710449375348396 0.146875
6 0.4450149798065238 0.58828125 0.05249880698520073 0.1609375
3 0.4421950277165383 0.4015625 0.041261325135573304 0.109375
3 0.43170750049097933 0.32421875 0.04127041549465282 0.1109375
2 0.44250916598563217 0.21328125 0.04932835518980259 0.153125
9 0.3674479951282262 0.7609375 0.04905564441741399 0.10625
5 0.38436084358053346 0.13671875 0.046121541958086 0.1390625
1 0.29836828054520864 0.28046875 0.07151242739850953 0.20625
9 0.29847177791292995 0.53125 0.0475022347764936 0.1078125
8 0.20032412764178348 0.75 0.0851931323171656 0.140625
7 0.24498472619228667 0.190625 0.06530787919390768 0.2140625