0 0.41015625 0.75 0.05 0.140625
5 0.4890625 0.171875 0.0359375 0.1328125
5 0.5453125 0.16953125 0.03359375 0.13046875
10 0.47421875 0.24375 0.0453125 0.18828125
1 0.53359375 0.24140625 0.04609375 0.1921875
7 0.48046875 0.42265625 0.0484375 0.17890625
9 0.41953125 0.5375 0.03828125 0.096875
8 0.47890625 0.63828125 0.05 0.13203125
2 0.55546875 0.90859375 0.05234375 0.12578125
0 0.61015625 0.41484375 0.04375 0.1484375
4 0.68984375 0.634375 0.07265625 0.18046875
6 0.71328125 0.240625 0.04921875 0.1515625
11 0.85859375 0.896875 0.0796875 0.12421875