3 0.74453125 0.8956684438985623 0.0625 0.10973861436318444
9 0.73046875 0.7512190071302787 0.0578125 0.10658634328594588
5 0.734375 0.6371337812325797 0.0734375 0.15042724687674217
6 0.64765625 0.6126382961614985 0.065625 0.162881795081344
11 0.71328125 0.30678775108015455 0.0625 0.1425511143631847
0 0.64921875 0.38137920580241885 0.059375 0.1722204336450254
4 0.65390625 0.18838318472517998 0.0671875 0.20664088544042358
11 0.58515625 0.21612691052468316 0.0515625 0.14404998184962742
8 0.57890625 0.7271007719610016 0.065625 0.13944429508134384
9 0.5125 0.5087371122218853 0.0453125 0.10807612041330898
7 0.52265625 0.28289677488786785 0.0578125 0.21596134328594588
2 0.5390625 0.12030132611753189 0.0484375 0.15184430113146816
2 0.41953125 0.7358404885871226 0.06875 0.14883747579950324
6 0.44609375 0.49271720248276907 0.05625 0.16595225292686636
10 0.4671875 0.1010710997288535 0.059375 0.202142199457707
3 0.37578125 0.500938768641352 0.0484375 0.11121930113146802
9 0.3859375 0.4055671813073344 0.0453125 0.10963862041330899
3 0.3953125 0.3109813891528567 0.04375 0.11431703005422929
5 0.41015625 0.12808253074160036 0.05 0.14404089149054777
0 0.26796875 0.7156285034178456 0.075 0.16293633723582168
9 0.2921875 0.6045501028521115 0.0546875 0.10969316256778665
1 0.3296875 0.2566756842342007 0.078125 0.2113920179539809
8 0.2359375 0.49393985577897775 0.0703125 0.15353406615858275