3 0.27082923057308117 0.8960766110435351 0.06001132513557321 0.1097204336450254
5 0.2590008753832786 0.7428879785299777 0.07897040339440445 0.1457670179539809
9 0.27866795988862575 0.6320686531980128 0.0537522347764936 0.10812157220870695
6 0.27633277936685824 0.49924706283893305 0.07125789734428026 0.16290906615858275
2 0.2796527012062229 0.39848853873663215 0.07120335518980259 0.15353406615858275
4 0.4206792396482674 0.8711680355151783 0.08233175273047451 0.18641019867214012
5 0.422295760921898 0.7461816710537977 0.06334540339440445 0.14567611436318478
0 0.42024484318774996 0.12509701141287735 0.05102721057599684 0.17685339149054777
1 0.5112269715960907 0.8584140263417961 0.06983175273047451 0.18633747579950324
8 0.4793249273985095 0.209031649878363 0.052453355189802583 0.15342498184962744
6 0.6027624273985095 0.2097497882456528 0.054115849139678394 0.17062157220870694
8 0.5645367613146816 0.4876429840891226 0.06491699375348396 0.1472477047222643
10 0.59327640231425 0.8620162701934759 0.08081470452587247 0.19421360831306062
9 0.5746304205628185 0.7455054810640604 0.04903746369925486 0.10340680113146802
11 0.6194600897699044 0.394215691836449 0.06019313231716552 0.1409704336450254
7 0.6783644746211528 0.8507929447633152 0.09174311416679296 0.1927147408266176
0 0.8456519685710286 0.8689531131848343 0.09304199375348432 0.1474113311856975
9 0.802646336253863 0.7280826734896847 0.0631363251355733 0.1097386143631848
9 0.7082963725546083 0.6244122519449077 0.0537613251355733 0.10968407220870695
11 0.6827822463857627 0.40161510137917344 0.06334540339440445 0.14567611436318478
2 0.7585453156676035 0.398930983794535 0.07432835518980241 0.153552246876742