9 0.371875 0.10859375 0.0421875 0.1125
9 0.36015625 0.203125 0.040625 0.1125
9 0.35390625 0.28984375 0.040625 0.1109375
6 0.73828125 0.0984375 0.05625 0.178125
6 0.61328125 0.18046875 0.0484375 0.171875
9 0.47578125 0.5046875 0.04375 0.1078125
11 0.49375 0.2875 0.046875 0.146875
8 0.559375 0.1796875 0.053125 0.159375
0 0.67734375 0.28125 0.0546875 0.1765625
3 0.75 0.3109375 0.0453125 0.115625
0 0.609375 0.08984375 0.0453125 0.1765625
9 0.69765625 0.6171875 0.0546875 0.1125
10 0.325 0.46484375 0.08125 0.2109375
5 0.6765625 0.2 0.053125 0.1484375
7 0.4640625 0.71328125 0.0609375 0.19375
9 0.2984375 0.89296875 0.05625 0.103125
2 0.47734375 0.0953125 0.046875 0.1625
11 0.55234375 0.6015625 0.053125 0.1453125
3 0.54453125 0.39296875 0.0421875 0.1125
4 0.61796875 0.36640625 0.0703125 0.209375
5 0.62421875 0.60546875 0.0625 0.146875
2 0.7734375 0.5015625 0.078125 0.1546875
8 0.38984375 0.73125 0.0671875 0.140625
3 0.715625 0.8921875 0.0609375 0.1140625
3 0.54921875 0.90078125 0.05 0.109375
1 0.634375 0.8796875 0.0875 0.18125