11 0.22578125 0.86015625 0.08203125 0.14296875
6 0.234375 0.7140625 0.07890625 0.1515625
8 0.25 0.58515625 0.07734375 0.14296875
7 0.2609375 0.4390625 0.08046875 0.2125
10 0.2671875 0.33203125 0.08359375 0.209375
8 0.28125 0.25390625 0.06484375 0.1546875
6 0.29375 0.159375 0.053125 0.17421875
11 0.3015625 0.08203125 0.053125 0.14375
9 0.3171875 0.878125 0.05390625 0.10078125
9 0.33046875 0.71953125 0.05078125 0.11328125
9 0.33984375 0.59765625 0.046875 0.1078125
9 0.34765625 0.48046875 0.04375 0.11015625
9 0.3546875 0.37578125 0.04140625 0.11015625
9 0.35859375 0.278125 0.03984375 0.109375
9 0.3625 0.1890625 0.03828125 0.10859375
9 0.37265625 0.096875 0.03671875 0.11015625
3 0.6921875 0.37578125 0.04609375 0.11171875
5 0.825 0.86953125 0.09140625 0.1375
3 0.7 0.49140625 0.05 0.1125
3 0.7078125 0.6109375 0.04765625 0.1125
3 0.68046875 0.2859375 0.04375 0.11171875
5 0.73359375 0.09453125 0.05390625 0.14453125
1 0.78203125 0.44609375 0.0890625 0.2015625
3 0.73203125 0.8640625 0.05625 0.109375
4 0.7734375 0.34453125 0.08671875 0.20703125
0 0.7515625 0.25234375 0.059375 0.1734375
3 0.6703125 0.17265625 0.040625 0.10546875
0 0.796875 0.57578125 0.07734375 0.165625
3 0.6671875 0.10234375 0.0390625 0.1171875
3 0.7171875 0.73359375 0.05234375 0.1109375
2 0.8109375 0.71796875 0.08671875 0.140625
2 0.74375 0.17265625 0.0625 0.1609375