1 0.5421875 0.16015625 0.04140625 0.18984375
10 0.48515625 0.15703125 0.04453125 0.1875
0 0.32109375 0.89375 0.059375 0.12734375
2 0.6296875 0.89765625 0.0609375 0.11875
4 0.69296875 0.62109375 0.07265625 0.178125
8 0.47890625 0.6390625 0.04921875 0.13125
7 0.3421875 0.6296875 0.0703125 0.16640625
5 0.36015625 0.34921875 0.04765625 0.1296875
11 0.46953125 0.5234375 0.04296875 0.125
9 0.54296875 0.53515625 0.0375 0.09609375
0 0.61015625 0.4140625 0.04375 0.14765625
5 0.65859375 0.35625 0.04609375 0.1296875
6 0.728125 0.4171875 0.053125 0.146875