8 0.3125 0.20703125 0.05703125 0.15
6 0.30625 0.2890625 0.0546875 0.16171875
6 0.3484375 0.73671875 0.05859375 0.15078125
2 0.62890625 0.31171875 0.053125 0.14765625
7 0.28984375 0.47734375 0.0734375 0.20078125
10 0.4359375 0.378125 0.05390625 0.19609375
8 0.42734375 0.62265625 0.05703125 0.13203125
11 0.50234375 0.88359375 0.05390625 0.1359375
0 0.559375 0.3 0.0421875 0.16640625
5 0.61875 0.13984375 0.04375 0.13984375
0 0.56640625 0.61015625 0.0515625 0.15625
1 0.72109375 0.48046875 0.07890625 0.20234375
5 0.74375 0.75390625 0.06953125 0.14140625
4 0.5796875 0.38984375 0.0546875 0.19609375
2 0.66875 0.89453125 0.071875 0.13125
11 0.50234375 0.1453125 0.04140625 0.14140625