9 0.30546875 0.871875 0.05625 0.1046875
9 0.69609375 0.628125 0.05625 0.1125
9 0.48515625 0.51171875 0.0453125 0.10625
11 0.3328125 0.59140625 0.0640625 0.1453125
3 0.77890625 0.921875 0.0703125 0.109375
8 0.39765625 0.72109375 0.0671875 0.1390625
6 0.690625 0.22890625 0.059375 0.1640625
11 0.44296875 0.21171875 0.0484375 0.140625
5 0.3046875 0.29140625 0.0625 0.1453125
7 0.471875 0.70390625 0.065625 0.196875
0 0.62265625 0.6140625 0.0625 0.1625
5 0.78515625 0.75859375 0.084375 0.1421875
3 0.75546875 0.3359375 0.0484375 0.1109375
6 0.5078125 0.2859375 0.0515625 0.16875
0 0.3625 0.37109375 0.0609375 0.171875
9 0.39921875 0.13125 0.040625 0.1125
1 0.62578125 0.87109375 0.090625 0.184375
3 0.62265625 0.51484375 0.05 0.1109375
8 0.69765625 0.415625 0.0640625 0.1515625
2 0.37734375 0.20703125 0.059375 0.1546875
2 0.5 0.12265625 0.05 0.15625
10 0.5734375 0.11015625 0.059375 0.2078125
4 0.565625 0.27578125 0.0640625 0.209375