3 0.23515625 0.88671875 0.05625 0.10625
9 0.25625 0.74296875 0.05234375 0.103125
5 0.25859375 0.62890625 0.065625 0.14609375
6 0.34609375 0.60859375 0.05703125 0.159375
11 0.296875 0.3 0.0546875 0.13984375
0 0.35703125 0.37734375 0.05 0.16953125
4 0.3625 0.184375 0.05703125 0.203125
11 0.4296875 0.215625 0.04375 0.14140625
8 0.409375 0.72578125 0.05859375 0.1359375
9 0.48671875 0.5109375 0.040625 0.10546875
7 0.48828125 0.28515625 0.046875 0.2140625
2 0.48046875 0.121875 0.04140625 0.14921875
2 0.56796875 0.7421875 0.0609375 0.1453125
6 0.55390625 0.4984375 0.0484375 0.16328125
10 0.553125 0.1046875 0.04921875 0.20390625
3 0.62421875 0.509375 0.04296875 0.109375
9 0.61875 0.4140625 0.03984375 0.1078125
3 0.6140625 0.31875 0.0375 0.11171875
5 0.609375 0.1359375 0.0421875 0.14140625
0 0.7203125 0.72890625 0.06640625 0.15859375
9 0.70234375 0.6171875 0.04921875 0.10625
1 0.6828125 0.26796875 0.06796875 0.20703125
8 0.7640625 0.509375 0.06328125 0.15078125