1 0.44078914734428026 0.15994106391908763 0.05268061416679295 0.19248748184962738
10 0.49778858108750157 0.15414051581268157 0.055787433448633725 0.1893806625677866
0 0.7043593480595238 0.8795258143118712 0.06637949980360816 0.13006929508134418
2 0.3966650227275588 0.9016291150505559 0.06789654800821018 0.12226588544042372
4 0.3169537550681656 0.6294273830045366 0.08230448165323559 0.18172269867214014
8 0.531833866504484 0.6344274586310892 0.05703177088084708 0.13470225292686636
7 0.667675917734148 0.6172303473911624 0.08067834913967822 0.17077610831306062
5 0.6340220386384363 0.33851044975229466 0.05545109016268803 0.13156816256778664
11 0.5350674299325924 0.5187797327333902 0.05073631908544911 0.12685339149054792
9 0.4617208335233885 0.5348319796101322 0.042760192622015934 0.09868293969514959
0 0.3876015565924172 0.41807172648687424 0.052435174471643274 0.15029998184962742
5 0.33649759884509073 0.3628984131569618 0.053888590162687856 0.13155907220870694
6 0.27046405356735503 0.4273472534178455 0.061810174471643366 0.1503545240041051