6 0.6450826366187739 0.7147145441975812 0.06647040339440444 0.14569429508134402
6 0.6248535124930319 0.2973952339909267 0.05556017447164337 0.15031816256778666
9 0.5754110069338869 0.6041492280389983 0.045903373340175156 0.10182612041330899
7 0.6441478922761147 0.4725134086589618 0.07451925273047451 0.18636474687674215
11 0.6676883687629889 0.8578196495837755 0.06794199980360834 0.13007838544042372
9 0.568266648326239 0.4892600262436003 0.04276928298109546 0.10024543969514958
11 0.6109551598373122 0.13480887557967033 0.05079995159900648 0.13779089149054777
0 0.29035423000291566 0.7196822826865079 0.07116699375348405 0.14728406615858275
0 0.23683536202549363 0.3842033249391815 0.06027494554888211 0.1550329336450255
10 0.5556409459416656 0.1079236678323439 0.05740447560311139 0.19876475292686627
5 0.5146179109174666 0.8475537943939729 0.05388859016268803 0.13155907220870694
1 0.30196039227611465 0.4705226200205255 0.06517152380771343 0.19099770472226432
3 0.43926040437636316 0.5056975716195318 0.0459306444174139 0.10651362041330899
5 0.26603951035173257 0.8703271773003138 0.0725840480082102 0.12229315651766229
8 0.24961313885826913 0.20224025263227863 0.061801084112563666 0.1487920240041051
3 0.3551474621471306 0.8630328277678518 0.050563602262936234 0.09716589149054791
4 0.3742131630587659 0.27171748135864804 0.05891243344863373 0.18939884328594586
8 0.4378625726014905 0.2088043909013726 0.04927381303532492 0.14403180113146813
2 0.3629291876520462 0.5997879392041703 0.061728361239926775 0.1362920240041051
2 0.5053313528521114 0.2951373215213359 0.04929199375348396 0.1471568011314682
3 0.38274834660559554 0.14754418315404613 0.0381272347764936 0.10803066861791084