0 0.3453125 0.62421875 0.05390625 0.14453125
5 0.36171875 0.26953125 0.0484375 0.1296875
10 0.41796875 0.3234375 0.05390625 0.1859375
9 0.4171875 0.5390625 0.03984375 0.096875
8 0.47734375 0.6390625 0.05 0.13046875
7 0.5328125 0.52421875 0.046875 0.1734375
1 0.54453125 0.409375 0.04296875 0.18046875
5 0.534375 0.265625 0.040625 0.13203125
2 0.62421875 0.76328125 0.0578125 0.13046875
4 0.6046875 0.52109375 0.059375 0.18125
0 0.6078125 0.4109375 0.04375 0.14140625
6 0.64140625 0.16328125 0.0421875 0.15390625
11 0.8578125 0.8921875 0.0796875 0.121875