11 0.7605593510845858 0.8706048113850049 0.08990790339440444 0.1458306504675381
6 0.7581423573311019 0.7237389017440844 0.08840903590796181 0.15675906010845858
9 0.6676678691367627 0.8844269377502421 0.05841246369925486 0.10346134328594588
8 0.5885702007152436 0.717693955704223 0.071121541958086 0.13947156615858275
10 0.6729896107489475 0.45625648595484397 0.08716469847574845 0.21143746974937905
9 0.6555652405320302 0.28135193472518 0.04596700585373235 0.11276362041330898
8 0.7335720658639951 0.2605849167711991 0.07279312626704133 0.15823065651766238
6 0.7244328943192182 0.166884913746137 0.06197380093507654 0.1784795240041051
11 0.7208533763652373 0.08877809446429623 0.06179199375348414 0.1472295240041051
9 0.6498187136992548 0.09934795580241884 0.04127950585373252 0.11273634933607006
9 0.6566186804235716 0.19384284436610036 0.044395415494652826 0.11119203005422928
2 0.5465664486721401 0.07934583021324365 0.052498806985200555 0.1586916604264873
7 0.5149918001495095 0.693902452580965 0.0683510659621911 0.20039088544042355
9 0.5200327823919204 0.4860535911446465 0.0475022347764936 0.1080852107723885
3 0.4199388962641257 0.8733677596643614 0.05217155405833438 0.10498748184962743
3 0.45686464099956847 0.3715734555078313 0.04598518657189175 0.1158886204133088
3 0.4539481983775525 0.27314959104645065 0.0428238251355733 0.10962043969514967
1 0.34767248994285505 0.6722188710024841 0.08705561416679294 0.19268746974937906
4 0.38789647238165764 0.3344734313073344 0.07778060811666876 0.2098204275949013
3 0.25497242641655093 0.8532330425472612 0.06159200585373252 0.11285452400410492
9 0.2901094539366974 0.5811444191088901 0.05689541549465282 0.11126475292686636
0 0.33271354781181844 0.24963534387512104 0.06197380093507636 0.1784795240041051
5 0.3392720991396783 0.16834443725926276 0.05867608411256366 0.14877384328594587
3 0.2593987676593933 0.271156340751863 0.05068177693097127 0.11747839149054773
3 0.22149528844204455 0.4706023497288535 0.058467005853732434 0.11283634328594587
2 0.1822202067653678 0.7028699490649236 0.09305108411256371 0.1489738311856975
5 0.15886504087793146 0.8514483496306576 0.09613972267624522 0.14274201190385655