9 0.34296875 0.86640625 0.05 0.09375
9 0.3484375 0.73984375 0.046875 0.0953125
9 0.35703125 0.62109375 0.04375 0.09921875
9 0.365625 0.5125 0.040625 0.1015625
11 0.2515625 0.86015625 0.0703125 0.12578125
6 0.2796875 0.60390625 0.0671875 0.14765625
9 0.38125 0.31875 0.0390625 0.10078125
3 0.646875 0.86171875 0.0484375 0.0953125
6 0.30390625 0.3125 0.053125 0.15546875
5 0.73515625 0.86640625 0.06796875 0.121875
0 0.778125 0.6140625 0.065625 0.1546875
9 0.38671875 0.15859375 0.034375 0.1015625
7 0.290625 0.48203125 0.0734375 0.1796875
3 0.68515625 0.50078125 0.04375 0.1046875
9 0.37890625 0.23203125 0.0375 0.10390625
2 0.8 0.73125 0.0765625 0.12578125
3 0.684375 0.32265625 0.04296875 0.11015625
3 0.5515625 0.23359375 0.0328125 0.0984375
3 0.62265625 0.3203125 0.03671875 0.1
11 0.31640625 0.13828125 0.05390625 0.13515625
5 0.73671875 0.13359375 0.0484375 0.134375
0 0.7421875 0.2796875 0.053125 0.1578125
1 0.7671875 0.4640625 0.07734375 0.18046875
3 0.67421875 0.14765625 0.03671875 0.1046875
8 0.3171875 0.21953125 0.0578125 0.140625
8 0.70625 0.6171875 0.065625 0.13046875