10 0.76875 0.36875 0.08046875 0.20390625
7 0.6890625 0.3640625 0.06640625 0.203125
2 0.61953125 0.39375 0.05625 0.15703125
5 0.5546875 0.3875 0.04453125 0.1453125
0 0.4875 0.37734375 0.04453125 0.17578125
4 0.4140625 0.37265625 0.0578125 0.19765625
9 0.34921875 0.39609375 0.0390625 0.11015625
0 0.27734375 0.39375 0.059375 0.175
5 0.3078125 0.13359375 0.059375 0.15234375
1 0.49296875 0.18125 0.04765625 0.2109375
11 0.63671875 0.72265625 0.059375 0.1515625
8 0.40546875 0.73515625 0.06171875 0.146875
6 0.6625 0.1171875 0.04375 0.16484375