6 0.6416770199970843 0.71796875 0.06803290339440445 0.1453125
6 0.6392498941228264 0.30078125 0.05712267447164336 0.15
9 0.576955468963812 0.6046875 0.04746587334017516 0.1015625
7 0.6512100595192833 0.4765625 0.07764425273047451 0.1859375
11 0.658924128211949 0.8625 0.07107609016268786 0.13125
9 0.5747248275714602 0.48984375 0.044340873340175155 0.1015625
11 0.6312732467785462 0.13828125 0.052362451599006474 0.1375
0 0.2877025923039872 0.70625 0.07273858411256366 0.1484375
0 0.2482436199223296 0.36953125 0.06184653590796181 0.15625
10 0.5779709847764936 0.1078125 0.06052947560311139 0.1984375
5 0.5064758390825335 0.84453125 0.05702268052176755 0.1328125
1 0.30969927038986783 0.45859375 0.06830561416679296 0.1921875
3 0.44509641490547763 0.5 0.0475022347764936 0.1078125
5 0.2573252667756305 0.85625 0.0741556383672898 0.1234375
8 0.2682783430895541 0.1875 0.06492608411256366 0.1484375
3 0.34636958605747126 0.853125 0.052135192622015936 0.0984375
4 0.38903172550491555 0.26328125 0.06203743344863373 0.1890625
8 0.4558737918598901 0.20390625 0.05239881303532492 0.14375
2 0.3651549057320955 0.590625 0.0632999515990063 0.1375
2 0.5196731923274284 0.29296875 0.05086358411256366 0.1484375
3 0.403152791958086 0.1390625 0.0396897347764936 0.1078125