9 0.36484375 0.1109375 0.03984375 0.1125
9 0.3546875 0.20546875 0.0390625 0.1125
9 0.35 0.2921875 0.0390625 0.1109375
6 0.73125 0.09453125 0.05390625 0.1765625
6 0.6078125 0.17890625 0.0453125 0.171875
9 0.47578125 0.50546875 0.04140625 0.10703125
11 0.48984375 0.2875 0.04375 0.146875
8 0.55390625 0.17890625 0.05 0.1578125
0 0.6734375 0.278125 0.05234375 0.175
3 0.746875 0.30625 0.04296875 0.11484375
0 0.60234375 0.08828125 0.04296875 0.1765625
9 0.7 0.6140625 0.05234375 0.11171875
10 0.32421875 0.46796875 0.07734375 0.21015625
5 0.67109375 0.196875 0.05078125 0.14765625
7 0.46796875 0.7140625 0.05703125 0.19296875
9 0.30546875 0.89609375 0.0546875 0.1015625
2 0.4703125 0.09609375 0.04375 0.16171875
11 0.55390625 0.60078125 0.05 0.14375
3 0.54296875 0.3921875 0.03984375 0.11171875
4 0.615625 0.3640625 0.06640625 0.20859375
5 0.62578125 0.603125 0.059375 0.1453125
2 0.7734375 0.496875 0.075 0.153125
8 0.39375 0.7328125 0.0640625 0.1390625
3 0.72265625 0.88828125 0.05859375 0.1125
3 0.55625 0.9 0.0484375 0.1078125
1 0.640625 0.87734375 0.084375 0.1796875