11 0.29994493696467517 0.1454998941228264 0.057059041958086 0.13938975292686626
8 0.29716939490839334 0.219705008584207 0.06338176483072289 0.1519261143631847
6 0.2951296510567134 0.30172716822512735 0.06505334913967831 0.1706852047222643
10 0.2828927505891752 0.39072149053203026 0.08713742739850953 0.20674996974937895
7 0.28700755796715927 0.48918626160926915 0.08399424668035031 0.20360678903121965
6 0.27998033226585195 0.6227436501729506 0.07592721662612104 0.1598113372358217
2 0.7464381418833312 0.21372473681959708 0.07118517447164337 0.15040906615858277
1 0.7902689133533535 0.468675857232906 0.09805674668035032 0.20368860226293622
5 0.7172597019917898 0.12605201999708435 0.05864881303532492 0.14408634328594588
4 0.7728728559753695 0.37013381810349044 0.09182492739850971 0.2067772408266178
0 0.8081826003180288 0.6125349415418613 0.08373971662612086 0.15985678903121964
8 0.27220821800086314 0.7500464935570923 0.08514768052176755 0.13330337939029951
2 0.8293621878484381 0.732193456568976 0.08988063231716552 0.1411431504675381
11 0.2744741790678392 0.8977209242752515 0.08048745159900639 0.1379636083130606
5 0.8449230344540336 0.877601405339312 0.09144313231716553 0.14115224082661798
0 0.7537915787498106 0.29267643861499515 0.07132152985783762 0.17384656615858277