11 0.3140625 0.134375 0.04921875 0.1359375
5 0.275 0.490625 0.0609375 0.14375
3 0.25234375 0.7359375 0.05 0.109375
11 0.36875 0.22109375 0.04609375 0.13984375
0 0.35546875 0.3765625 0.04921875 0.1671875
9 0.35078125 0.61484375 0.04375 0.103125
6 0.33203125 0.73359375 0.06015625 0.15390625
2 0.4328125 0.125 0.04296875 0.153125
8 0.490625 0.2984375 0.0453125 0.14921875
10 0.40703125 0.86171875 0.06953125 0.18984375
7 0.48515625 0.86953125 0.05625 0.18828125
8 0.6453125 0.8796875 0.07109375 0.12578125
2 0.47890625 0.609375 0.05 0.146875
6 0.5578125 0.12265625 0.03984375 0.16875
0 0.621875 0.29375 0.04609375 0.1640625
9 0.55859375 0.51484375 0.03984375 0.103125
9 0.5578125 0.7453125 0.04453125 0.1046875
9 0.62421875 0.50390625 0.03984375 0.1078125
4 0.80625 0.72265625 0.0984375 0.1921875
1 0.76484375 0.3734375 0.0796875 0.20390625
5 0.73203125 0.21953125 0.05390625 0.1390625