6 0.27265625 0.4734375 0.0640625 0.1609375
0 0.34921875 0.4796875 0.05234375 0.16953125
9 0.3671875 0.30234375 0.0359375 0.11171875
5 0.2296875 0.8671875 0.078125 0.14375
5 0.48828125 0.2109375 0.040625 0.13984375
7 0.55546875 0.35859375 0.0546875 0.215625
10 0.63515625 0.484375 0.0671875 0.20078125
11 0.6890625 0.39921875 0.0515625 0.1421875
2 0.6875 0.30546875 0.0609375 0.146875
8 0.54921875 0.1265625 0.046875 0.15546875
4 0.41484375 0.46640625 0.05703125 0.20703125
0 0.425 0.38046875 0.04453125 0.16796875
1 0.559375 0.58984375 0.0625 0.19765625