11 0.67890625 0.7640189889799062 0.0609375 0.1347295240041051
8 0.45859375 0.8856132296101322 0.0578125 0.12533634328594587
9 0.41640625 0.5358586693052819 0.0421875 0.10649543969514959
5 0.35234375 0.43388762402754627 0.05625 0.13626475292686635
5 0.60859375 0.2613030551384889 0.046875 0.1330852107723885
1 0.48828125 0.2276280127876195 0.0546875 0.19250566256778665
0 0.6078125 0.43396385031802875 0.053125 0.15343407220870695
0 0.33984375 0.6159915969001831 0.0609375 0.15347952400410508
2 0.47109375 0.6472592567374953 0.053125 0.13155907220870694
7 0.81796875 0.6280536970218201 0.090625 0.1833397408266178
10 0.78984375 0.23759232348525322 0.078125 0.1895170179539809
6 0.71796875 0.16222923000291567 0.0515625 0.1596749818496274
4 0.734375 0.41213378123257965 0.0796875 0.18640110831306062