8 0.32265625 0.20078125 0.0625 0.1515625
6 0.3140625 0.2828125 0.0609375 0.1640625
6 0.340625 0.73125 0.0640625 0.153125
2 0.63515625 0.31640625 0.0578125 0.15
7 0.290625 0.4703125 0.0796875 0.203125
10 0.43984375 0.37578125 0.0609375 0.1984375
8 0.4234375 0.6203125 0.0609375 0.134375
11 0.4890625 0.88359375 0.059375 0.1375
0 0.56640625 0.30234375 0.0484375 0.1671875
5 0.63125 0.14453125 0.0484375 0.140625
0 0.5625 0.6125 0.05625 0.1578125
1 0.721875 0.48828125 0.0859375 0.2046875
5 0.734375 0.7625 0.075 0.14375
4 0.58359375 0.39296875 0.0609375 0.1984375
2 0.6546875 0.9 0.0765625 0.134375
11 0.51484375 0.1453125 0.046875 0.1421875