3 0.7596957669720222 0.7221673113850049 0.05534200585373235 0.11281816256778665
5 0.6074065591265 0.7324286213952675 0.06178290339440444 0.14566702400410508
9 0.4543497368195971 0.7450382265850701 0.049064734776493604 0.1080943011314682
9 0.30445427594901264 0.7638796510567134 0.056877234776493604 0.10813975292686617
0 0.19815479985492193 0.8902835906536672 0.09147040339440445 0.14583974082661796
7 0.7276725655694076 0.4551570733870573 0.08405787919390768 0.21454428903121964
10 0.7215720356133742 0.34659513964383604 0.08401242739850953 0.20673178903121975
9 0.6473265354169825 0.4767189768796577 0.0459397347764936 0.10807612041330898
5 0.6428748638722054 0.3829917027773567 0.05863972267624522 0.14252384328594586
6 0.5778180113146816 0.4810297478587007 0.05406130698520073 0.16124657220870695
0 0.5748243006404888 0.3693246333973201 0.052526078062439474 0.16592498184962734
2 0.5100759994108248 0.38610813329912425 0.053997674471643366 0.15030907220870704
8 0.5040527375069681 0.2908274495559029 0.05238972267624522 0.14248748184962742
8 0.4392726200205255 0.30214219945770704 0.05712267447164336 0.15032725292686616
6 0.37391071955298727 0.21345694935951118 0.0509817587805987 0.16904089149054774
11 0.314989716626121 0.15754783782499684 0.057068132317165524 0.14095225292686622
11 0.2545203701187213 0.23837111182910192 0.06175563231716561 0.1409795240041051
9 0.3779543667008758 0.5056308138208918 0.04595791549465282 0.11120112041330898
2 0.3078140626425414 0.40134783479993474 0.06807835518980258 0.15351588544042355
4 0.22398448418731842 0.4955887141902341 0.0949226563212707 0.20210792154477702
1 0.23269588797450633 0.3814716720357564 0.09027151775758915 0.20833065046753826