9 0.325 0.88125 0.05078125 0.10234375
9 0.70234375 0.61796875 0.05 0.11015625
9 0.4859375 0.5125 0.03984375 0.10390625
11 0.3375 0.6 0.05703125 0.1421875
3 0.80078125 0.90703125 0.065625 0.10546875
8 0.409375 0.72578125 0.059375 0.13671875
6 0.6765625 0.21953125 0.0515625 0.16171875
11 0.428125 0.21484375 0.04140625 0.13828125
5 0.29375 0.3015625 0.0546875 0.1421875
7 0.4828125 0.70546875 0.05625 0.19375
0 0.628125 0.6078125 0.0546875 0.16015625
5 0.7984375 0.74296875 0.07734375 0.13828125
3 0.746875 0.32265625 0.04296875 0.109375
6 0.496875 0.2859375 0.0421875 0.16640625
0 0.35625 0.378125 0.0515625 0.16875
9 0.3796875 0.13671875 0.03515625 0.11015625
1 0.6453125 0.8640625 0.08203125 0.18046875
3 0.6234375 0.50859375 0.04375 0.10859375
8 0.69296875 0.40546875 0.05625 0.14921875
2 0.3625 0.2140625 0.05078125 0.1515625
2 0.48046875 0.1234375 0.0421875 0.15390625
10 0.553125 0.10703125 0.04921875 0.20546875
4 0.55390625 0.27265625 0.05390625 0.20703125