9 0.35138575887879464 0.10390625 0.042851096212812044 0.1140625
9 0.5279028070833964 0.09609375 0.04131586729005097 0.11875
9 0.4202140686926656 0.3859375 0.0459397347764936 0.1078125
6 0.27677664431921817 0.17109375 0.06354539129415607 0.1796875
11 0.28021928600615764 0.09140625 0.061810174471643275 0.15
9 0.48486744203284077 0.4875 0.0475113251355733 0.109375
7 0.464871541958086 0.1390625 0.060702192425624094 0.228125
3 0.548465812838933 0.2734375 0.042851096212812224 0.1140625
9 0.4957191045024315 0.60703125 0.05061814441741408 0.10625
0 0.6701999122731991 0.24921875 0.06039312021691714 0.175
8 0.27028627068445543 0.2640625 0.07279312626704133 0.1578125
3 0.6525215328828997 0.16484375 0.04593973477649378 0.1078125
5 0.7137584938516799 0.08203125 0.06337267447164337 0.15
3 0.5474805506404887 0.37265625 0.04598518657189175 0.115625
3 0.6466346263652373 0.09296875 0.046003367290050966 0.11875
3 0.7035719902374427 0.4796875 0.05379768657189175 0.115625
2 0.7267039214465812 0.15859375 0.07441016842151918 0.1671875
6 0.2503298573311018 0.728125 0.08841812626704133 0.1578125
10 0.5048360710303565 0.83125 0.07454652380771343 0.190625
9 0.34109173359814327 0.8859375 0.05999314441741399 0.10625
3 0.7159952430661131 0.60078125 0.05536927693097127 0.1171875
4 0.6168072675611974 0.3375 0.0793794695529872 0.215625
0 0.8024776437300429 0.56015625 0.09007152985783762 0.1734375
1 0.6525412762436004 0.57109375 0.08554765632127079 0.2015625
11 0.2496173059050461 0.87421875 0.08991699375348405 0.146875
8 0.4198111103561639 0.71953125 0.072684041958086 0.1390625
3 0.7549633360574713 0.853125 0.06472609621281222 0.1140625
3 0.7331059958947834 0.721875 0.06159200585373252 0.1125
2 0.8267469115858279 0.703125 0.09461358411256385 0.1484375
5 0.8502622005188518 0.85078125 0.09927381303532493 0.14375
9 0.34645788524403187 0.196875 0.04597609621281205 0.1140625
9 0.34774819535249046 0.284375 0.04753859621281205 0.1140625