6 0.2640625 0.5984375 0.06640625 0.15546875
0 0.27734375 0.3921875 0.05859375 0.1703125
9 0.36328125 0.303125 0.03828125 0.10703125
10 0.82734375 0.853125 0.11015625 0.18828125
5 0.55 0.21328125 0.040625 0.1421875
7 0.72578125 0.103125 0.06484375 0.20546875
0 0.4859375 0.20078125 0.040625 0.16875
2 0.75390625 0.39765625 0.0625 0.15
4 0.48671875 0.58671875 0.0546875 0.19296875
5 0.228125 0.86796875 0.08046875 0.1421875
1 0.2984375 0.1046875 0.0625 0.209375
11 0.55625 0.8875 0.05546875 0.1375
8 0.47578125 0.8921875 0.0578125 0.13359375