9 0.340625 0.8640625 0.05 0.09375
9 0.346875 0.73984375 0.04765625 0.096875
9 0.48359375 0.5046875 0.0390625 0.10234375
3 0.64375 0.85703125 0.04765625 0.09609375
9 0.37890625 0.3140625 0.03828125 0.10078125
6 0.27578125 0.59609375 0.06875 0.14375
0 0.69140625 0.3765625 0.0515625 0.15234375
11 0.2484375 0.86015625 0.06875 0.1203125
0 0.71015625 0.7140625 0.0625 0.14296875
11 0.31484375 0.128125 0.05 0.13359375
5 0.73515625 0.86484375 0.065625 0.11875
3 0.5578125 0.49921875 0.040625 0.10390625
1 0.71015625 0.57890625 0.0671875 0.18515625
6 0.3 0.309375 0.05625 0.15546875
8 0.74375 0.19609375 0.05859375 0.1484375
9 0.38359375 0.1453125 0.034375 0.10390625
8 0.55546875 0.203125 0.0453125 0.1453125
7 0.2890625 0.47890625 0.07734375 0.18515625
9 0.3765625 0.225 0.0375 0.1015625
9 0.35625 0.61875 0.04296875 0.10234375
3 0.6734375 0.1375 0.03671875 0.10625
2 0.80078125 0.72734375 0.0765625 0.13046875