7 0.652713993066113 0.6045582941975811 0.0824135659621911 0.20047269867214013
10 0.5107618006404888 0.37561516188041555 0.062110156321270794 0.2019170240041051
6 0.2456514476901815 0.7310919604778009 0.07586358411256366 0.14887383723582168
11 0.522706767855785 0.14600492993259234 0.04771131303532492 0.1440227107723885
1 0.24685786104353502 0.2670521863755 0.08715560811666875 0.20987496974937897
0 0.4347816045024315 0.6095401891059745 0.06186471662612103 0.1597295240041051
4 0.43348622833358597 0.3868839391059745 0.06522606596219109 0.20037270472226432
5 0.4062277949831481 0.1328276981811608 0.05082722267624522 0.14247839149054778
8 0.5763964118804156 0.5119299117822196 0.060174951599006474 0.13784543364502538
8 0.34730433040013053 0.6129373789975159 0.069559041958086 0.13946247579950324
2 0.643996481456844 0.31467363758172284 0.061801084112563666 0.1487920240041051
0 0.4594896712501894 0.290944725210328 0.054106758780598695 0.16905907220870695