10 0.7756373668972675 0.3736252722555893 0.08869992739850971 0.20675906010845857
7 0.6959089602814093 0.36705763056864976 0.07462833703942984 0.20511474687674208
2 0.6257509963857627 0.3940291967272326 0.06186471662612103 0.1597295240041051
5 0.5608617945903646 0.3865939466290367 0.05085449375348396 0.14716589149054782
0 0.49360157171772767 0.37448483206946026 0.05102721057599684 0.17685339149054774
4 0.42089986992232953 0.36709503376666247 0.06522606596219109 0.20037270472226432
9 0.35539758976990443 0.3885705788480064 0.042832915494652825 0.11118293969514959
0 0.2834953186926656 0.3843012353656688 0.06665221057599684 0.17694429508134402
5 0.3218346142649889 0.12547568120913857 0.06496244554888211 0.1550602047222643
1 0.5049607316532356 0.1783183591968233 0.05592378883482798 0.21281816256778666
11 0.6331378121515621 0.7236848804704538 0.06495335518980258 0.15349770472226432
8 0.4019150832288009 0.7297177536142373 0.06805108411256366 0.1488283854404237
6 0.6764993883672898 0.11950591969806534 0.05096357806243947 0.16591589149054778