3 0.25234375 0.73515625 0.0515625 0.1109375
5 0.40546875 0.7390625 0.05625 0.14296875
9 0.55859375 0.74609375 0.0453125 0.10625
9 0.709375 0.75859375 0.053125 0.10546875
0 0.8203125 0.88046875 0.0859375 0.14296875
7 0.2734375 0.4671875 0.07578125 0.21171875
10 0.27578125 0.35859375 0.075 0.203125
9 0.3546875 0.48515625 0.04140625 0.10625
5 0.35546875 0.39140625 0.05234375 0.140625
6 0.42421875 0.48671875 0.04765625 0.159375
0 0.42265625 0.375 0.0453125 0.1640625
2 0.48828125 0.3890625 0.04765625 0.1484375
8 0.490625 0.29375 0.04609375 0.140625
8 0.55546875 0.30234375 0.0515625 0.1484375
6 0.6171875 0.21171875 0.04375 0.16796875
11 0.67421875 0.153125 0.0515625 0.13828125
11 0.7375 0.23125 0.05546875 0.13828125
9 0.625 0.503125 0.04140625 0.109375
2 0.69140625 0.39609375 0.06171875 0.1515625
4 0.77890625 0.4875 0.0875 0.19921875
1 0.765625 0.3734375 0.08125 0.20546875