0 0.35234375 0.6299813740275462 0.0609375 0.1472295240041051
5 0.35 0.2753075095661656 0.0546875 0.13313066256778666
10 0.40859375 0.32574787110068 0.0640625 0.18943520472226433
9 0.41953125 0.5405279885871227 0.0453125 0.09870112041330899
8 0.484375 0.6370257386853184 0.05625 0.13313975292686636
7 0.534375 0.5195473471947707 0.05625 0.17532725292686618
1 0.53984375 0.40389053093799204 0.053125 0.18312157220870695
5 0.521875 0.2610263200674077 0.046875 0.13464771077238852
2 0.6375 0.7525411334955161 0.0640625 0.1331852047222643
4 0.60546875 0.5121024858566481 0.06875 0.18477497579950325
0 0.603125 0.4019598713952675 0.0515625 0.14404998184962742
6 0.6234375 0.15262294672723253 0.05 0.15654089149054778
11 0.878125 0.8675474681972549 0.0859375 0.12706246974937868