11 0.68828125 0.76171875 0.05625 0.1328125
8 0.471875 0.88984375 0.05390625 0.12265625
9 0.41796875 0.54140625 0.0390625 0.1046875
5 0.35 0.44140625 0.0515625 0.13359375
5 0.6 0.2609375 0.0421875 0.13203125
1 0.47890625 0.23125 0.04765625 0.19140625
0 0.60546875 0.43359375 0.0484375 0.1515625
0 0.34375 0.6234375 0.05546875 0.15078125
2 0.4765625 0.65078125 0.04921875 0.1296875
7 0.82265625 0.621875 0.08515625 0.18046875
10 0.78046875 0.23203125 0.07109375 0.1859375
6 0.70625 0.159375 0.0453125 0.1578125
4 0.73125 0.40859375 0.0734375 0.18359375