10 0.775 0.3873213181034904 0.090625 0.2083397408266178
7 0.69609375 0.3782685049699697 0.0765625 0.20669542759490128
2 0.625 0.4036361436318471 0.0640625 0.15974770472226432
5 0.56015625 0.39388389373004296 0.0515625 0.14717498184962735
0 0.49375 0.3794350534691592 0.053125 0.17843407220870694
4 0.42109375 0.37041860177195696 0.06875 0.20039997579950325
9 0.3546875 0.3903447615110732 0.0453125 0.11276362041330898
0 0.28359375 0.38368115017295057 0.06875 0.17852497579950324
5 0.32734375 0.12612318022717992 0.0671875 0.15507838544042354
1 0.509375 0.18421345705995537 0.059375 0.21284543364502545
11 0.625 0.7333236436318471 0.0671875 0.1550783854404237
8 0.39296875 0.7319737253085238 0.06875 0.15039997579950323
6 0.68203125 0.13053044173825315 0.0515625 0.1674874818496274