0 0.571875 0.7587958214231401 0.059375 0.1440954336450254
5 0.53359375 0.17654185762568947 0.0453125 0.1346386204133089
5 0.478125 0.16996914987836304 0.0421875 0.13305793969514967
10 0.54375 0.24925719495970697 0.0578125 0.19096134328594588
1 0.484375 0.24266176131468148 0.059375 0.19565793364502548
7 0.525 0.4272731106507516 0.0609375 0.1816045240041051
9 0.57734375 0.5463276376799188 0.0453125 0.10026362041330898
8 0.51171875 0.6420395925985748 0.059375 0.1362829336450254
2 0.41640625 0.9063288306947183 0.0609375 0.13004202400410492
0 0.39609375 0.4093356560266831 0.0546875 0.15188066256778665
4 0.3015625 0.6228481893023663 0.084375 0.18486587939029936
6 0.30546875 0.22833966520006527 0.059375 0.1550329336450255
11 0.11484375 0.8717618913923519 0.0875 0.13019656010845893