11 0.225 0.8609375 0.08125 0.14140625
6 0.234375 0.71484375 0.07890625 0.1515625
9 0.3171875 0.87890625 0.053125 0.1
8 0.40390625 0.71640625 0.0625 0.13671875
10 0.33203125 0.4515625 0.075 0.20703125
9 0.3578125 0.27734375 0.03984375 0.1109375
8 0.28046875 0.253125 0.06328125 0.1546875
6 0.29375 0.16015625 0.05234375 0.175
11 0.3015625 0.08203125 0.053125 0.14453125
9 0.371875 0.09609375 0.03515625 0.1109375
9 0.3609375 0.18984375 0.0375 0.10859375
2 0.47578125 0.0796875 0.04296875 0.15859375
7 0.47890625 0.69609375 0.05703125 0.196875
9 0.48359375 0.48828125 0.04140625 0.10625
3 0.565625 0.8796875 0.04609375 0.10234375
3 0.5515625 0.3765625 0.0390625 0.11328125
3 0.559375 0.27890625 0.03671875 0.1078125
1 0.646875 0.68203125 0.07578125 0.1890625
4 0.62265625 0.34296875 0.065625 0.20625
3 0.73125 0.8671875 0.05546875 0.11015625
9 0.70859375 0.59375 0.05 0.1078125
0 0.68125 0.2609375 0.05234375 0.175
5 0.67890625 0.17890625 0.05078125 0.1453125
3 0.75390625 0.2859375 0.04453125 0.115625
3 0.78203125 0.48671875 0.05234375 0.11015625
2 0.8109375 0.7203125 0.08515625 0.14375
5 0.82734375 0.8703125 0.0875 0.13828125