9 0.321875 0.8535961360295989 0.0546875 0.09719316256778683
9 0.334375 0.7293046631569619 0.053125 0.10030907220870695
9 0.48359375 0.5010927838648583 0.04375 0.10494203005422928
3 0.625 0.8604263563681529 0.053125 0.09874657220870695
9 0.3890625 0.30554900058917517 0.04375 0.10337953005422928
6 0.27109375 0.5827978226996864 0.0765625 0.14732042759490122
0 0.69765625 0.3826599046709507 0.059375 0.1550329336450255
11 0.2296875 0.8455387172152962 0.075 0.12387383723582168
0 0.6984375 0.7209366094914109 0.0703125 0.14572156615858275
11 0.334375 0.11680466315696181 0.05625 0.1362647529268662
5 0.715625 0.8723991155415352 0.071875 0.12229315651766229
3 0.5578125 0.49909849180857646 0.0453125 0.10651362041330899
1 0.70546875 0.5857394528755526 0.0765625 0.1895079275949012
6 0.31015625 0.2974143137226959 0.0640625 0.15818520472226433
8 0.759375 0.2049570854873058 0.065625 0.15194429508134394
9 0.40234375 0.13750298253699844 0.0390625 0.10647725897699045
8 0.57109375 0.20292747375639975 0.053125 0.14718407220870694
7 0.290625 0.4662779432111911 0.0875 0.18957156010845858
9 0.39140625 0.21647286505055577 0.0421875 0.10337043969514967
9 0.35 0.6089012595661656 0.0484375 0.10496930113146821
3 0.6921875 0.14284797092772933 0.0421875 0.10805793969514968
2 0.78828125 0.7383826638443329 0.0828125 0.13485678903121964