8 0.28203125 0.20382794018612901 0.0625 0.1581761143631847
6 0.3546875 0.3073114884889268 0.0546875 0.16750566256778665
10 0.6203125 0.35889112744539176 0.0734375 0.206677246876742
9 0.4171875 0.403822874125742 0.0421875 0.10493293969514958
0 0.3484375 0.5995353499252453 0.0640625 0.16599770472226433
3 0.5984375 0.2199558924725064 0.0453125 0.1080761204133089
9 0.57109375 0.7404274737563996 0.0515625 0.10811248184962743
7 0.5609375 0.4482990610904173 0.0703125 0.20197156615858275
2 0.4796875 0.2925217597625574 0.053125 0.15343407220870695
4 0.48515625 0.4667086935057787 0.0625 0.2019261143631846
5 0.53046875 0.13285132309246978 0.0484375 0.14559430113146815
1 0.56171875 0.5850132659108774 0.071875 0.19729315651766247
5 0.4171875 0.741322874125742 0.0640625 0.1472477047222643
11 0.7703125 0.4837997029737485 0.075 0.14106133723582168
0 0.83984375 0.8583951819947055 0.09375 0.14898292154477702