0 0.5768684469236243 0.753125 0.05551472267624522 0.1421875
5 0.5216517653217022 0.17265625 0.04140677088084708 0.134375
5 0.46542903639894107 0.16796875 0.03826359016268803 0.13125
10 0.5329523588040399 0.24453125 0.05266243344863373 0.1890625
1 0.4743813347017388 0.240625 0.05425220452587247 0.19375
7 0.5194115126894235 0.4234375 0.05574198165323559 0.18125
9 0.5757609857584522 0.540625 0.042760192622015934 0.0984375
8 0.5126882931364364 0.6390625 0.05546927088084708 0.134375
2 0.4251963417338217 0.90625 0.05699540944452863 0.128125
0 0.3905779855620605 0.4109375 0.04931017447164336 0.15
4 0.30181897082953346 0.62734375 0.08075107201231528 0.1828125
6 0.29473474131759714 0.23359375 0.055578355189802586 0.153125
11 0.12297985676093637 0.884375 0.08511131908544903 0.1265625