3 0.23515625 0.88671875 0.05625 0.10703125
9 0.25625 0.74296875 0.05234375 0.103125
5 0.25859375 0.62890625 0.06484375 0.1453125
10 0.27109375 0.48125 0.08125 0.20234375
11 0.31171875 0.13203125 0.05 0.1375
11 0.36953125 0.20859375 0.046875 0.13828125
6 0.3453125 0.6078125 0.05703125 0.1578125
0 0.35625 0.3765625 0.04921875 0.16875
8 0.40859375 0.72578125 0.05859375 0.13515625
4 0.4375 0.10625 0.0453125 0.20234375
9 0.4859375 0.51171875 0.03984375 0.10546875
2 0.4890625 0.28984375 0.04296875 0.1515625
0 0.56328125 0.8625 0.053125 0.14609375
6 0.553125 0.5875 0.04921875 0.16015625
3 0.55390625 0.40078125 0.03828125 0.109375
3 0.56328125 0.3234375 0.03828125 0.11015625
2 0.5515625 0.2125 0.04609375 0.1515625
9 0.6328125 0.75859375 0.04609375 0.1046875
5 0.60859375 0.13515625 0.0421875 0.13828125
1 0.69609375 0.27734375 0.0671875 0.20546875
9 0.69921875 0.528125 0.0453125 0.1078125
8 0.8 0.74453125 0.08125 0.13984375
7 0.7484375 0.1859375 0.06015625 0.21328125