9 0.38043641286237423 0.13762570238457328 0.0350022347764936 0.10801248789975157
9 0.3638160185431561 0.30881035597536943 0.03811814441741399 0.10646816861791084
9 0.483746202580965 0.5081058531466991 0.04122496369925486 0.10336134933607007
9 0.3183150826586354 0.878587045670519 0.05060905405833438 0.10497839149054755
9 0.6995206726249317 0.615440588414172 0.0521988251355733 0.10967498184962743
11 0.5589911213952675 0.5998524707313375 0.05085449375348396 0.1471658914905479
10 0.3401961904807166 0.47456716618202394 0.06995901775758914 0.20821247579950325
11 0.49899499444085504 0.3041177899149825 0.04614881303532492 0.14401362041330898
8 0.5597512081401099 0.20064281109041726 0.04931926483072289 0.1518443011314682
8 0.4051434378484379 0.7249620759211401 0.0601749515990063 0.13784543364502538
7 0.47712752215739335 0.7057939194034777 0.05741356596219109 0.20032725292686634
6 0.6160193888582691 0.197190558163551 0.04316016842151917 0.16743293969514966
6 0.7313040212736306 0.12074116677119909 0.05412493949875792 0.172184072208707
3 0.5596804260427771 0.8842138351927182 0.04752950585373252 0.11277271077238851
3 0.7206679230177151 0.8746837782075175 0.06315450585373253 0.11286361436318479
3 0.7449842053114395 0.32065480835994276 0.044422686571891745 0.11587953005422928
3 0.5507524162802198 0.4045945128858153 0.03970791549465282 0.11116475897699055
1 0.6426247362494315 0.8610757961614984 0.07919766237139499 0.18482951795398073
5 0.6277229406771083 0.6025774949318345 0.05708631303532492 0.14407725292686635
5 0.6729370093697739 0.21639001005714498 0.05239881303532492 0.14404998184962742
0 0.6771654462362532 0.2952689889799061 0.05092721662612103 0.15966589149054772
0 0.6087114037871879 0.1105172599589491 0.04473175878059869 0.16900453005422927
2 0.4805227712736306 0.12220016940347773 0.04151585518980259 0.15336134933607007
4 0.5525114007621259 0.10225076288581532 0.048038565962190916 0.2002727107723885
2 0.7704967688377437 0.5009690222555893 0.07272949375348396 0.14729315651766228
9 0.36899894311299525 0.2236268348981306 0.03653746369925477 0.10333407825883123